1 1
2 2
3 2
4 2
5 1
6 2
7 1
8 2
9 1
10 1
11 1
12 1
13 2
14 1
15 2
16 2
17 1
18 1
19 2
20 1
21 2
22 1
23 2
24 1
25 2
26 1
27 2
28 1
29 1
30 1
31 1
32 1
33 1
34 1
35 1
36 1
37 2
38 2
39 1
40 1
41 2
42 2
43 2
44 1
45 1
46 1
47 1
48 1
49 1
50 1
51 2
52 2
53 1
54 2
55 2
56 1
57 2
58 1
59 1
60 1
61 1
62 1
63 1
64 1
65 1
66 1
67 1
68 1
69 2
70 1
71 1
72 1
73 1
74 1
75 2
76 2
77 1
78 1
79 1
80 2
81 1
82 1
83 2
84 1
85 1
86 1
87 2
88 1
89 2
90 1
91 1
92 1
93 2
94 2
95 1
96 1
97 1
98 2
99 2
100 1
101 1
102 1
103 1
104 1
105 2
106 1
107 1
108 2
109 2
110 1
111 2
112 1
113 1
114 2
115 1
116 1
117 2
118 1
119 2
120 1
121 1
122 1
123 1
124 2
125 2
126 2
127 2
128 2
129 1
130 2
131 1
132 1
133 2
134 2
135 1
136 1
137 2
138 1
139 1
140 1
141 1
142 2
143 2
144 1
145 2
146 2
147 1
148 2
149 2
150 2
151 2
152 2
153 2
154 2
155 2
156 1
157 2
158 2
159 1
160 2
161 2
162 1
163 2
164 1
165 1
166 1
167 1
168 2
169 2
170 1
171 1
172 1
173 1
174 2
175 2
176 1
177 2
178 1
179 1
180 1
181 1
182 1
183 1
184 1
185 1
186 1
187 1
188 2
189 1
190 2
191 2
192 1
193 2
194 1
195 2
196 1
197 2
198 2
199 2
200 1
201 2
202 1
203 1
204 2
205 1
206 2
207 2
208 1
209 1
210 1
211 2
212 2
213 2
214 1
215 2
216 1
217 1
218 1
219 2
220 1
221 2
222 2
223 2
224 2
225 1
226 2
227 2
228 1
229 1
230 2
231 2
232 2
233 2
234 1
235 1
236 1
237 2
238 1
239 1
240 2
241 1
242 1
243 2
244 1
245 2
246 1
247 2
248 1
249 2
250 2
251 1
252 2
253 1
254 1
255 2
256 1
257 1
258 1
259 1
260 2
261 1
262 2
263 2
264 2
265 1
266 1
267 1
268 1
269 2
270 1
271 1
272 1
273 1
274 1
275 1
276 2
277 1
278 2
279 2
280 1
281 1
282 1
283 2
284 1
285 1
286 2
287 2
288 1
289 1
290 1
291 1
292 1
293 1
294 2
295 1
296 2
297 2
298 1
299 2
300 2
301 1
302 1
303 1
304 2
305 2
306 1
307 2
308 1
309 2
310 2
311 1
312 1
313 1
314 1
315 1
316 2
317 2
318 1
319 1
320 2
321 1
322 1
323 2
324 2
325 1
326 1
327 2
328 1
329 2
330 1
331 2
332 1
333 2
334 2
335 1
336 1
337 2
338 1
339 2
340 2
341 1
342 2
343 1
344 1
345 1
346 2
347 1
348 1
349 1
350 1
351 2
352 1
353 1
354 2
355 2
356 1
357 1
358 1
359 1
360 2
361 1
362 1
363 1
364 2
365 1
366 2
367 2
368 2
369 2
370 2
371 1
372 2
373 1
374 1
375 1
376 2
377 1
378 2
379 1
380 2
381 2
382 1
383 1
384 2
385 2
386 1
387 1
388 1
389 2
390 2
391 2
392 2
393 2
394 2
395 2
396 1
397 2
398 2
399 2
400 1
401 1
402 2
403 2
404 2
405 2
406 1
407 2
408 1
409 1
410 2
411 1
412 2
413 2
414 1
415 1
416 2
417 1
418 1
419 1
420 1
421 2
422 1
423 2
424 1
425 2
426 1
427 1
428 1
429 1
430 2
431 2
432 2
433 1
434 1
435 1
436 2
437 1
438 1
439 1
440 2
441 1
442 2
443 1
444 2
445 1
446 1
447 2
448 2
449 1
450 2
451 2
452 1
453 1
454 2
455 1
456 2
457 1
458 1
459 1
460 1
461 2
462 1
463 1
464 2
465 1
466 2
467 1
468 1
469 2
470 1
471 1
472 1
473 2
474 1
475 1
476 1
477 1
478 1
479 2
480 1
481 2
482 1
483 1
484 1
485 2
486 2
487 1
488 2
489 2
490 2
491 1
492 2
493 1
494 1
495 1
496 2
497 1
498 1
499 1
500 1
501 1
502 1
503 1
504 1
505 1
506 2
507 1
508 2
509 2
510 1
511 1
512 2
513 2
514 2
515 2
516 1
517 1
518 2
519 1
520 1
521 2
522 1
523 1
524 1
525 2
526 1
527 1
528 1
529 1
530 2
531 1
532 1
533 1
534 2
535 2
536 1
537 1
538 2
539 1
540 1
541 2
542 2
543 2
544 1
545 2
546 1
547 2
548 2
549 1
550 1
551 2
552 1
553 1
554 1
555 1
556 2
557 2
558 1
559 2
560 1
561 1
562 1
563 2
564 1
565 1
566 2
567 1
568 1
569 1
570 1
571 2
572 1
573 2
574 1
575 1
576 2
577 2
578 1
579 2
580 1
581 1
582 2
583 2
584 1
585 1
586 1
587 2
588 1
589 2
590 1
591 1
592 2
593 1
594 2
595 1
596 1
597 1
598 2
599 2
600 1
601 1
602 2
603 2
604 2
605 1
606 2
607 1
608 1
609 1
610 2
611 1
612 2
613 1
614 1
615 1
616 1
617 2
618 1
619 2
620 1
621 2
622 1
623 2
624 2
625 2
626 2
627 2
628 2
629 2
630 1
631 1
632 1
633 1
634 1
635 1
636 2
637 2
638 1
639 1
640 2
641 2
642 2
643 2
644 2
645 1
646 2
647 1
648 2
649 2
650 2
651 1
652 2
653 2
654 2
655 1
656 1
657 1
658 2
659 1
660 2
661 1
662 2
663 2
664 2
665 2
666 1
667 1
668 1
669 1
670 2
671 2
672 1
673 1
674 1
675 2
676 2
677 1
678 2
679 1
680 2
681 1
682 2
683 1
684 2
685 2
686 2
687 1
688 1
689 1
690 2
691 1
692 2
693 1
694 2
695 2
696 2
697 2
698 2
699 1
700 1
701 1
702 2
703 2
704 2
705 2
706 2
707 1
708 1
709 1
710 2
711 2
712 2
713 1
714 2
715 1
716 1
717 1
718 1
719 1
720 1
721 1
722 1
723 1
724 2
725 1
726 1
727 1
728 2
729 2
730 1
731 2
732 2
733 1
734 1
735 2
736 2
737 2
738 2
739 2
740 1
741 1
742 2
743 1
744 1
745 2
746 2
747 1
748 2
749 2
750 2
751 1
752 1
753 2
754 1
755 2
756 1
757 1
758 1
759 2
760 1
761 1
762 1
763 2
764 1
765 2
766 2
767 1
768 2
769 2
770 2
771 2
772 1
773 1
774 1
775 1
776 2
777 2
778 1
779 1
780 1
781 2
782 1
783 2
784 2
785 1
786 2
787 2
788 2
789 2
790 2
791 1
792 1
793 1
794 1
795 2
796 1
797 2
798 2
799 1
800 2
801 1
802 2
803 2
804 1
805 1
806 2
807 1
808 2
809 1
810 2
811 1
812 2
813 1
814 2
815 1
816 2
817 2
818 2
819 1
820 1
821 2
822 2
823 1
824 2
825 2
826 2
827 2
828 1
829 1
830 1
831 2
832 1
833 2
834 1
835 2
836 2
837 1
838 2
839 1
840 1
841 2
842 2
843 1
844 1
845 2
846 2
847 2
848 1
849 2
850 2
851 2
852 1
853 1
854 2
855 1
856 1
857 1
858 2
859 2
860 1
861 1
862 1
863 2
864 1
865 2
866 1
867 2
868 1
869 1
870 2
871 2
872 2
873 2
874 1
875 1
876 1
877 1
878 2
879 2
880 1
881 2
882 1
883 2
884 1
885 2
886 2
887 2
888 1
889 1
890 1
891 1
892 1
893 2
894 1
895 1
896 2
897 1
898 2
899 2
900 2
901 1
902 1
903 1
904 2
905 1
906 1
907 2
908 1
909 1
910 2
911 2
912 1
913 2
914 2
915 1
916 2
917 2
918 1
919 1
920 2
921 2
922 2
923 1
924 1
925 2
926 1
927 1
928 1
929 1
930 2
931 2
932 1
933 2
934 2
935 1
936 1
937 1
938 1
939 1
940 2
941 1
942 2
943 1
944 2
945 1
946 1
947 2
948 2
949 2
950 1
951 2
952 2
953 2
954 2
955 1
956 1
957 1
958 1
959 2
960 1
961 2
962 1
963 2
964 1
965 1
966 1
967 2
968 2
969 1
970 2
971 1
972 1
973 1
974 1
975 1
976 1
977 1
978 1
979 2
980 2
981 1
982 2
983 2
984 2
985 1
986 2
987 2
988 1
989 2
990 1
991 2
992 1
993 1
994 1
995 2
996 1
997 2
998 2
999 2
1000 1
1001 2
1002 2
1003 1
1004 1
1005 1
1006 1
1007 1
1008 2
1009 1
1010 2
1011 1
1012 2
1013 1
1014 1
1015 2
1016 2
1017 1
1018 1
1019 1
1020 1
1021 1
1022 2
1023 1
1024 2
1025 2
1026 1
1027 2
1028 2
1029 2
1030 1
1031 1
1032 1
1033 2
1034 1
1035 1
1036 2
1037 2
1038 1
1039 2
1040 2
1041 1
1042 2
1043 1
1044 2
1045 2
1046 1
1047 2
1048 2
1049 2
1050 2
1051 2
1052 2
1053 1
1054 1
1055 1
1056 1
1057 2
1058 2
1059 1
1060 1
1061 1
1062 2
1063 1
1064 1
1065 1
1066 1
1067 2
1068 1
1069 2
1070 1
1071 1
1072 2
1073 1
1074 1
1075 1
1076 1
1077 2
1078 1
1079 2
1080 1
1081 1
1082 1
1083 2
1084 1
1085 1
1086 1
1087 1
1088 2
1089 2
1090 1
1091 2
1092 2
1093 1
1094 1
1095 2
1096 2
1097 2
1098 2
1099 2
1100 1
1101 2
1102 1
1103 1
1104 1
1105 1
1106 2
1107 2
1108 2
1109 1
1110 1
1111 1
1112 1
1113 1
1114 1
1115 2
1116 1
1117 1
1118 2
1119 2
1120 2
1121 2
1122 2
1123 2
1124 1
1125 2
1126 2
1127 1
1128 2
1129 2
1130 1
1131 1
1132 2
1133 1
1134 1
1135 1
1136 2
1137 1
1138 2
1139 1
1140 2
1141 2
1142 1
1143 2
1144 1
1145 1
1146 2
1147 2
1148 2
1149 2
1150 1
1151 2
1152 2
1153 1
1154 2
1155 2
1156 1
1157 1
1158 2
1159 2
1160 1
1161 2
1162 1
1163 1
1164 1
1165 2
1166 2
1167 2
1168 2
1169 1
1170 2
1171 1
1172 1
1173 2
1174 2
1175 1
1176 2
1177 1
1178 2
1179 2
1180 1
1181 1
1182 1
1183 1
1184 1
1185 2
1186 2
1187 1
1188 2
1189 2
1190 1
1191 1
1192 1
1193 2
1194 1
1195 1
1196 2
1197 1
1198 2
1199 2
1200 1
1201 2
1202 1
1203 1
1204 1
1205 1
1206 2
1207 2
1208 1
1209 1
1210 1
1211 1
1212 1
1213 1
1214 1
1215 2
1216 1
1217 2
1218 1
1219 1
1220 1
1221 1
1222 1
1223 1
1224 1
1225 2
1226 1
1227 1
1228 1
1229 1
1230 1
1231 2
1232 2
1233 2
1234 1
1235 2
1236 1
1237 1
1238 2
1239 1
1240 1
1241 1
1242 2
1243 1
1244 2
1245 1
1246 1
1247 2
1248 1
1249 1
1250 1
1251 1
1252 1
1253 1
1254 1
1255 1
1256 2
1257 2
1258 1
1259 2
1260 2
1261 1
1262 2
1263 2
1264 2
1265 2
1266 2
1267 1
1268 2
1269 2
1270 1
1271 2
1272 1
1273 1
1274 1
1275 1
1276 2
1277 1
1278 2
1279 1
1280 2
1281 2
1282 1
1283 1
1284 2
1285 1
1286 2
1287 2
1288 1
1289 2
1290 2
1291 2
1292 1
1293 2
1294 1
1295 1
1296 1
1297 1
1298 1
1299 1
1300 2
1301 2
1302 2
1303 1
1304 1
1305 1
1306 2
1307 1
1308 1
1309 2
1310 2
1311 2
1312 1
1313 1
1314 2
1315 1
1316 1
1317 2
1318 2
1319 1
1320 2
1321 1
1322 1
1323 2
1324 1
1325 1
1326 2
1327 2
1328 1
1329 1
1330 2
1331 1
1332 1
1333 1
1334 1
1335 1
1336 2
1337 2
1338 2
1339 2
1340 2
1341 2
1342 2
1343 2
1344 1
1345 1
1346 1
1347 1
1348 2
1349 1
1350 2
1351 1
1352 2
1353 1
1354 2
1355 1
1356 1
1357 1
1358 1
1359 1
1360 1
1361 1
1362 2
1363 1
1364 1
1365 2
1366 2
1367 2
1368 1
1369 2
1370 1
1371 2
1372 2
1373 2
1374 1
1375 2
1376 1
1377 2
1378 2
1379 1
1380 1
1381 1
1382 1
1383 1
1384 1
1385 1
1386 1
1387 1
1388 1
1389 1
1390 2
1391 2
1392 2
1393 1
1394 1
1395 2
1396 2
1397 2
1398 1
1399 1
1400 2
1401 2
1402 1
1403 1
1404 1
1405 2
1406 2
1407 2
1408 2
1409 2
1410 1
1411 1
1412 1
1413 2
1414 1
1415 1
1416 1
1417 1
1418 2
1419 1
1420 1
1421 1
1422 1
1423 2
1424 1
1425 2
1426 2
1427 1
1428 1
1429 1
1430 1
1431 2
1432 1
1433 1
1434 1
1435 1
1436 2
1437 2
1438 2
1439 2
1440 2
1441 2
1442 1
1443 1
1444 2
1445 1
1446 1
1447 1
1448 2
1449 2
1450 2
1451 1
1452 2
1453 2
1454 1
1455 2
1456 2
1457 2
1458 2
1459 1
1460 1
1461 1
1462 1
1463 2
1464 2
1465 2
1466 1
1467 1
1468 2
1469 1
1470 2
1471 1
1472 1
1473 1
1474 2
1475 1
1476 1
1477 2
1478 1
1479 2
1480 1
1481 1
1482 1
1483 1
1484 1
1485 1
1486 1
1487 2
1488 2
1489 2
1490 2
1491 1
1492 2
1493 2
1494 1
1495 2
1496 2
1497 2
1498 1
1499 2
1500 2
1501 2
1502 1
1503 1
1504 1
1505 2
1506 1
1507 1
1508 1
1509 1
1510 1
1511 1
1512 2
1513 2
1514 2
1515 1
1516 1
1517 2
1518 1
1519 2
1520 1
1521 1
1522 2
1523 2
1524 1
1525 1
1526 2
1527 2
1528 1
1529 1
1530 1
1531 2
1532 2
1533 2
1534 2
1535 1
1536 2
1537 1
1538 2
1539 2
1540 1
1541 1
1542 2
1543 2
1544 2
1545 1
1546 2
1547 2
1548 1
1549 1
1550 1
1551 2
1552 1
1553 1
1554 1
1555 2
1556 2
1557 1
1558 1
1559 1
1560 2
1561 2
1562 1
1563 2
1564 1
1565 1
1566 1
1567 1
1568 1
1569 1
1570 1
1571 1
1572 2
1573 1
1574 1
1575 2
1576 1
1577 2
1578 2
1579 1
1580 1
1581 2
1582 1
1583 2
1584 1
1585 2
1586 1
1587 2
1588 1
1589 1
1590 1
1591 1
1592 1
1593 1
1594 2
1595 2
1596 2
1597 1
1598 1
1599 1
1600 2
1601 1
1602 1
1603 1
1604 2
1605 2
1606 1
1607 2
1608 2
1609 1
1610 2
1611 2
1612 2
1613 1
1614 2
1615 1
1616 2
1617 1
1618 1
1619 2
1620 2
1621 2
1622 1
1623 2
1624 1
1625 1
1626 2
1627 1
1628 2
1629 2
1630 2
1631 1
1632 1
1633 2
1634 2
1635 2
1636 1
1637 1
1638 2
1639 1
1640 1
1641 1
1642 2
1643 1
1644 1
1645 2
1646 2
1647 2
1648 1
1649 2
1650 2
1651 1
1652 1
1653 1
1654 1
1655 1
1656 1
1657 1
1658 1
1659 1
1660 2
1661 1
1662 1
1663 2
1664 2
1665 1
1666 1
1667 1
1668 1
1669 2
1670 1
1671 2
1672 2
1673 1
1674 1
1675 2
1676 2
1677 1
1678 1
1679 1
1680 1
1681 2
1682 1
1683 2
1684 1
1685 2
1686 1
1687 1
1688 1
1689 1
1690 1
1691 2
1692 2
1693 1
1694 1
1695 1
1696 1
1697 1
1698 2
1699 1
1700 1
1701 2
1702 1
1703 1
1704 2
1705 1
1706 1
1707 1
1708 1
1709 2
1710 2
1711 1
1712 1
1713 2
1714 1
1715 1
1716 2
1717 2
1718 1
1719 1
1720 2
1721 2
1722 1
1723 2
1724 2
1725 1
1726 2
1727 1
1728 2
1729 1
1730 2
1731 1
1732 2
1733 2
1734 1
1735 1
1736 2
1737 2
1738 2
1739 2
1740 2
1741 1
1742 2
1743 2
1744 1
1745 1
1746 1
1747 2
1748 1
1749 2
1750 1
1751 1
1752 2
1753 2
1754 1
1755 2
1756 2
1757 2
1758 1
1759 1
1760 1
1761 2
1762 2
1763 2
1764 2
1765 1
1766 1
1767 1
1768 1
1769 1
1770 2
1771 1
1772 2
1773 1
1774 2
1775 1
1776 1
1777 1
1778 1
1779 1
1780 1
1781 2
1782 1
1783 1
1784 2
1785 1
1786 2
1787 1
1788 1
1789 2
1790 1
1791 2
1792 1
1793 1
1794 2
1795 2
1796 2
1797 1
1798 2
1799 1
1800 2
1801 2
1802 1
1803 1
1804 2
1805 1
1806 2
1807 1
1808 1
1809 1
1810 1
1811 1
1812 1
1813 2
1814 2
1815 2
1816 1
1817 2
1818 1
1819 1
1820 2
1821 1
1822 1
1823 2
1824 1
1825 2
1826 1
1827 2
1828 2
1829 2
1830 1
1831 1
1832 1
1833 1
1834 1
1835 2
1836 2
1837 1
1838 1
1839 2
1840 1
1841 2
1842 1
1843 2
1844 1
1845 1
1846 2
1847 1
1848 2
1849 1
1850 1
1851 2
1852 2
1853 2
1854 1
1855 2
1856 2
1857 2
1858 1
1859 1
1860 1
1861 2
1862 1
1863 1
1864 1
1865 2
1866 2
1867 2
1868 2
1869 2
1870 1
1871 2
1872 2
1873 1
1874 1
1875 1
1876 1
1877 2
1878 2
1879 1
1880 2
1881 1
1882 1
1883 1
1884 1
1885 2
1886 2
1887 2
1888 2
1889 2
1890 1
1891 1
1892 1
1893 2
1894 1
1895 2
1896 1
1897 1
1898 1
1899 1
1900 2
1901 1
1902 2
1903 1
1904 2
1905 1
1906 1
1907 1
1908 1
1909 2
1910 1
1911 2
1912 1
1913 1
1914 2
1915 1
1916 2
1917 2
1918 2
1919 2
1920 1
1921 1
1922 2
1923 2
1924 1
1925 2
1926 1
1927 1
1928 1
1929 1
1930 1
1931 1
1932 1
1933 1
1934 1
1935 1
1936 2
1937 1
1938 1
1939 2
1940 1
1941 2
1942 1
1943 2
1944 1
1945 2
1946 1
1947 2
1948 1
1949 1
1950 1
1951 2
1952 2
1953 2
1954 1
1955 2
1956 1
1957 1
1958 2
1959 1
1960 2
1961 1
1962 1
1963 2
1964 1
1965 1
1966 2
1967 2
1968 2
1969 2
1970 2
1971 1
1972 2
1973 2
1974 2
1975 1
1976 1
1977 1
1978 1
1979 1
1980 2
1981 1
1982 1
1983 2
1984 2
1985 1
1986 2
1987 1
1988 2
1989 1
1990 1
1991 1
1992 2
1993 1
1994 1
1995 1
1996 1
1997 2
1998 2
1999 2
2000 1
2001 2
2002 2
2003 2
2004 1
2005 1
2006 1
2007 1
2008 1
2009 2
2010 1
2011 1
2012 1
2013 2
2014 2
2015 2
2016 2
2017 1
2018 1
2019 1
2020 2
2021 2
2022 1
2023 1
2024 2
2025 1
2026 2
2027 1
2028 2
2029 2
2030 1
2031 2
2032 2
2033 1
2034 1
2035 1
2036 2
2037 1
2038 2
2039 1
2040 1
2041 1
2042 1
2043 1
2044 2
2045 1
2046 2
2047 1
2048 2
2049 1
2050 1
2051 1
2052 2
2053 2
2054 1
2055 1
2056 1
2057 1
2058 2
2059 2
2060 2
2061 2
2062 1
2063 1
2064 2
2065 2
2066 1
2067 1
2068 1
2069 1
2070 1
2071 1
2072 2
2073 2
2074 1
2075 1
2076 1
2077 2
2078 2
2079 2
2080 2
2081 1
2082 2
2083 2
2084 1
2085 1
2086 1
2087 1
2088 1
2089 1
2090 2
2091 1
2092 2
2093 1
2094 2
2095 2
2096 2
2097 1
2098 1
2099 1
2100 1
2101 1
2102 1
2103 1
2104 2
2105 1
2106 2
2107 2
2108 2
2109 2
2110 2
2111 2
2112 2
2113 2
2114 1
2115 1
2116 2
2117 1
2118 2
2119 1
2120 2
2121 1
2122 2
2123 1
2124 2
2125 1
2126 2
2127 1
2128 1
2129 2
2130 2
2131 2
2132 2
2133 2
2134 2
2135 1
2136 1
2137 1
2138 1
2139 1
2140 1
2141 1
2142 1
2143 2
2144 2
2145 2
2146 2
2147 2
2148 2
2149 2
2150 2
2151 2
2152 2
2153 1
2154 2
2155 2
2156 1
2157 2
2158 1
2159 2
2160 1
2161 1
2162 1
2163 1
2164 1
2165 1
2166 1
2167 2
2168 2
2169 1
2170 1
2171 2
2172 1
2173 1
2174 1
2175 2
2176 2
2177 1
2178 1
2179 1
2180 2
2181 2
2182 2
2183 2
2184 2
2185 1
2186 1
2187 2
2188 1
2189 1
2190 1
2191 1
2192 1
2193 1
2194 2
2195 1
2196 2
2197 1
2198 1
2199 1
2200 1
2201 2
2202 2
2203 1
2204 1
2205 1
2206 2
2207 1
2208 2
2209 2
2210 1
2211 1
2212 2
2213 1
2214 1
2215 2
2216 2
2217 2
2218 1
2219 1
2220 2
2221 1
2222 1
2223 2
2224 2
2225 1
2226 2
2227 1
2228 1
2229 2
2230 2
2231 2
2232 2
2233 1
2234 2
2235 2
2236 2
2237 1
2238 2
2239 2
2240 2
2241 2
2242 2
2243 2
2244 2
2245 2
2246 2
2247 2
2248 2
2249 2
2250 1
2251 1
2252 2
2253 1
2254 2
2255 2
2256 2
2257 1
2258 2
2259 2
2260 1
2261 1
2262 1
2263 1
2264 1
2265 1
2266 2
2267 1
2268 2
2269 1
2270 1
2271 2
2272 1
2273 2
2274 2
2275 2
2276 2
2277 2
2278 1
2279 1
2280 2
2281 1
2282 2
2283 2
2284 2
2285 2
2286 1
2287 2
2288 2
2289 2
2290 1
2291 1
2292 1
2293 1
2294 2
2295 1
2296 1
2297 2
2298 2
2299 2
2300 2
2301 2
2302 2
2303 1
2304 2
2305 2
2306 2
2307 2
2308 1
2309 2
2310 2
2311 1
2312 1
2313 1
2314 1
2315 1
2316 1
2317 2
2318 1
2319 1
2320 1
2321 1
2322 1
2323 1
2324 1
2325 2
2326 1
2327 1
2328 1
2329 1
2330 2
2331 2
2332 2
2333 2
2334 2
2335 2
2336 2
2337 2
2338 2
2339 1
2340 1
2341 2
2342 2
2343 2
2344 2
2345 2
2346 1
2347 2
2348 1
2349 1
2350 1
2351 2
2352 1
2353 2
2354 1
2355 2
2356 2
2357 1
2358 1
2359 1
2360 1
2361 2
2362 2
2363 2
2364 1
2365 2
2366 1
2367 2
2368 1
2369 1
2370 1
2371 1
2372 2
2373 2
2374 2
2375 1
2376 1
2377 2
2378 2
2379 2
2380 2
2381 1
2382 1
2383 1
2384 2
2385 1
2386 1
2387 1
2388 1
2389 2
2390 2
2391 2
2392 1
2393 1
2394 1
2395 1
2396 1
2397 1
2398 2
2399 1
2400 1
2401 1
2402 2
2403 1
2404 1
2405 2
2406 1
2407 1
2408 1
2409 1
2410 1
2411 1
2412 2
2413 1
2414 1
2415 1
2416 2
2417 1
2418 1
2419 1
2420 1
2421 1
2422 1
2423 1
2424 1
2425 2
2426 1
2427 2
2428 1
2429 1
2430 1
2431 2
2432 2
2433 1
2434 1
2435 2
2436 1
2437 2
2438 2
2439 1
2440 2
2441 2
2442 2
2443 1
2444 2
2445 1
2446 1
2447 1
2448 1
2449 1
2450 1
2451 2
2452 2
2453 1
2454 2
2455 2
2456 1
2457 2
2458 1
2459 2
2460 1
2461 1
2462 1
2463 1
2464 2
2465 1
2466 1
2467 1
2468 2
2469 2
2470 2
2471 2
2472 1
2473 2
2474 2
2475 2
2476 2
2477 2
2478 1
2479 1
2480 1
2481 1
2482 1
2483 1
2484 1
2485 1
2486 1
2487 1
2488 2
2489 1
2490 1
2491 1
2492 2
2493 2
2494 2
2495 1
2496 2
2497 1
2498 1
2499 2
2500 1
2501 1
2502 2
2503 1
2504 2
2505 1
2506 1
2507 1
2508 1
2509 1
2510 1
2511 1
2512 2
2513 1
2514 1
2515 2
2516 2
2517 2
2518 1
2519 1
2520 1
2521 1
2522 2
2523 1
2524 1
2525 1
2526 1
2527 1
2528 1
2529 1
2530 1
2531 2
2532 2
2533 1
2534 1
2535 1
2536 1
2537 2
2538 2
2539 1
2540 1
2541 1
2542 2
2543 1
2544 2
2545 1
2546 1
2547 1
2548 2
2549 1
2550 2
2551 1
2552 2
2553 2
2554 1
2555 1
2556 1
2557 1
2558 2
2559 2
2560 2
2561 2
2562 2
2563 1
2564 2
2565 1
2566 2
2567 2
2568 2
2569 2
2570 1
2571 1
2572 1
2573 2
2574 1
2575 1
2576 1
2577 2
2578 1
2579 2
2580 1
2581 1
2582 1
2583 1
2584 2
2585 2
2586 1
2587 2
2588 1
2589 1
2590 2
2591 2
2592 1
2593 2
2594 2
2595 2
2596 1
2597 2
2598 1
2599 1
2600 1
2601 1
2602 1
2603 1
2604 1
2605 2
2606 1
2607 1
2608 1
2609 1
2610 2
2611 1
2612 1
2613 1
2614 1
2615 2
2616 2
2617 2
2618 2
2619 2
2620 1
2621 1
2622 1
2623 2
2624 1
2625 2
2626 2
2627 2
2628 2
2629 1
2630 2
2631 1
2632 2
2633 2
2634 1
2635 1
2636 2
2637 2
2638 2
2639 1
2640 1
2641 1
2642 1
2643 1
2644 1
2645 2
2646 2
2647 1
2648 2
2649 2
2650 2
2651 2
2652 2
2653 2
2654 2
2655 1
2656 1
2657 1
2658 2
2659 1
2660 1
2661 1
2662 1
2663 1
2664 1
2665 1
2666 2
2667 2
2668 2
2669 1
2670 2
2671 1
2672 2
2673 2
2674 1
2675 1
2676 2
2677 2
2678 1
2679 1
2680 2
2681 2
2682 2
2683 2
2684 1
2685 1
2686 2
2687 1
2688 1
2689 1
2690 1
2691 1
2692 2
2693 1
2694 1
2695 1
2696 1
2697 1
2698 1
2699 2
2700 1
2701 1
2702 1
2703 1
2704 2
2705 2
2706 1
2707 2
2708 1
2709 1
2710 2
2711 2
2712 1
2713 2
2714 2
2715 1
2716 1
2717 2
2718 1
2719 1
2720 1
2721 1
2722 2
2723 2
2724 1
2725 2
2726 1
2727 2
2728 1
2729 2
2730 1
2731 1
2732 1
2733 1
2734 2
2735 1
2736 1
2737 1
2738 2
2739 1
2740 1
2741 2
2742 1
2743 1
2744 1
2745 1
2746 2
2747 2
2748 2
2749 2
2750 2
2751 1
2752 1
2753 2
2754 1
2755 1
2756 1
2757 2
2758 2
2759 2
2760 2
2761 1
2762 2
2763 1
2764 2
2765 1
2766 2
2767 1
2768 1
2769 2
2770 2
2771 1
2772 1
2773 1
2774 2
2775 2
2776 2
2777 1
2778 1
2779 2
2780 1
2781 1
2782 1
2783 1
2784 1
2785 2
2786 1
2787 1
2788 2
2789 2
2790 2
2791 1
2792 2
2793 2
2794 1
2795 1
2796 1
2797 2
2798 1
2799 2
2800 2
2801 2
2802 1
2803 2
2804 2
2805 1
2806 2
2807 1
2808 2
2809 1
2810 1
2811 1
2812 1
2813 1
2814 1
2815 2
2816 1
2817 2
2818 1
2819 1
2820 2
2821 2
2822 2
2823 2
2824 1
2825 2
2826 2
2827 2
2828 2
2829 2
2830 2
2831 2
2832 2
2833 1
2834 1
2835 1
2836 1
2837 1
2838 2
2839 2
2840 1
2841 2
2842 1
2843 1
2844 1
2845 2
2846 1
2847 2
2848 1
2849 1
2850 1
2851 1
2852 1
2853 1
2854 2
2855 2
2856 1
2857 2
2858 1
2859 1
2860 1
2861 2
2862 1
2863 2
2864 1
2865 1
2866 2
2867 2
2868 2
2869 2
2870 1
2871 2
2872 1
2873 1
2874 1
2875 1
2876 2
2877 1
2878 1
2879 1
2880 1
2881 2
2882 2
2883 1
2884 1
2885 2
2886 2
2887 2
2888 2
2889 1
2890 1
2891 1
2892 2
2893 2
2894 2
2895 1
2896 1
2897 1
2898 1
2899 1
2900 2
2901 2
2902 2
2903 2
2904 2
2905 2
2906 1
2907 1
2908 2
2909 2
2910 2
2911 2
2912 2
2913 1
2914 1
2915 2
2916 2
2917 2
2918 2
2919 2
2920 1
2921 2
2922 1
2923 1
2924 2
2925 1
2926 1
2927 1
2928 2
2929 2
2930 2
2931 2
2932 2
2933 1
2934 1
2935 2
2936 1
2937 2
2938 1
2939 1
2940 1
2941 2
2942 1
2943 2
2944 1
2945 1
2946 1
2947 2
2948 1
2949 2
2950 1
2951 2
2952 2
2953 1
2954 1
2955 2
2956 1
2957 1
2958 2
2959 2
2960 1
2961 1
2962 1
2963 1
2964 2
2965 1
2966 1
2967 2
2968 1
2969 2
2970 2
2971 1
2972 1
2973 1
2974 1
2975 1
2976 1
2977 1
2978 1
2979 1
2980 2
2981 1
2982 2
2983 2
2984 1
2985 2
2986 1
2987 2
2988 2
2989 2
2990 1
2991 1
2992 1
2993 1
2994 1
2995 2
2996 2
2997 2
2998 1
2999 1
3000 1
3001 2
3002 1
3003 1
3004 2
3005 1
3006 1
3007 1
3008 1
3009 1
3010 1
3011 2
3012 2
3013 1
3014 2
3015 1
3016 1
3017 1
3018 1
3019 1
3020 2
3021 2
3022 2
3023 1
3024 2
3025 2
3026 1
3027 1
3028 2
3029 2
3030 2
3031 1
3032 1
3033 2
3034 2
3035 1
3036 1
3037 1
3038 1
3039 2
3040 2
3041 2
3042 2
3043 1
3044 2
3045 2
3046 2
3047 1
3048 2
3049 1
3050 2
3051 1
3052 2
3053 1
3054 1
3055 2
3056 2
3057 1
3058 1
3059 1
3060 2
3061 1
3062 2
3063 1
3064 1
3065 2
3066 1
3067 2
3068 2
3069 1
3070 2
3071 1
3072 2
3073 2
3074 1
3075 1
3076 1
3077 2
3078 2
3079 1
3080 2
3081 2
3082 1
3083 1
3084 1
3085 1
3086 1
3087 1
3088 1
3089 1
3090 2
3091 1
3092 2
3093 2
3094 2
3095 1
3096 1
3097 2
3098 1
3099 2
3100 1
3101 1
3102 2
3103 2
3104 1
3105 1
3106 1
3107 1
3108 1
3109 1
3110 1
3111 1
3112 2
3113 2
3114 1
3115 2
3116 1
3117 1
3118 2
3119 2
3120 2
3121 1
3122 1
3123 1
3124 1
3125 1
3126 2
3127 1
3128 1
3129 2
3130 1
3131 1
3132 2
3133 1
3134 1
3135 2
3136 2
3137 1
3138 1
3139 1
3140 1
3141 1
3142 2
3143 1
3144 1
3145 2
3146 1
3147 2
3148 1
3149 2
3150 1
3151 1
3152 1
3153 2
3154 1
3155 2
3156 1
3157 1
3158 1
3159 2
3160 2
3161 1
3162 2
3163 2
3164 1
3165 2
3166 2
3167 1
3168 2
3169 1
3170 2
3171 2
3172 2
3173 1
3174 2
3175 2
3176 2
3177 1
3178 2
3179 1
3180 1
3181 1
3182 1
3183 1
3184 1
3185 1
3186 1
3187 1
3188 1
3189 2
3190 1
3191 2
3192 2
3193 2
3194 2
3195 2
3196 2
3197 1
3198 2
3199 1
3200 2
3201 2
3202 1
3203 2
3204 1
3205 1
3206 2
3207 2
3208 2
3209 1
3210 1
3211 1
3212 1
3213 1
3214 1
3215 2
3216 1
3217 1
3218 2
3219 1
3220 2
3221 2
3222 2
3223 2
3224 1
3225 1
3226 2
3227 1
3228 2
3229 2
3230 1
3231 2
3232 1
3233 2
3234 2
3235 2
3236 2
3237 1
3238 2
3239 2
3240 2
3241 2
3242 1
3243 2
3244 1
3245 1
3246 1
3247 2
3248 2
3249 2
3250 1
3251 2
3252 2
3253 1
3254 1
3255 1
3256 2
3257 1
3258 1
3259 1
3260 1
3261 1
3262 2
3263 2
3264 1
3265 1
3266 1
3267 1
3268 1
3269 1
3270 1
3271 1
3272 1
3273 2
3274 1
3275 1
3276 1
3277 2
3278 1
3279 1
3280 2
3281 2
3282 2
3283 1
3284 2
3285 1
3286 1
3287 2
3288 1
3289 1
3290 2
3291 1
3292 1
3293 2
3294 1
3295 2
3296 2
3297 2
3298 2
3299 1
3300 2
3301 1
3302 1
3303 1
3304 1
3305 1
3306 1
3307 1
3308 1
3309 2
3310 1
3311 1
3312 1
3313 2
3314 1
3315 2
3316 1
3317 2
3318 1
3319 1
3320 1
3321 1
3322 1
3323 1
3324 1
3325 1
3326 1
3327 2
3328 2
3329 2
3330 1
3331 1
3332 2
3333 1
3334 1
3335 1
3336 1
3337 2
3338 1
3339 2
3340 2
3341 2
3342 1
3343 1
3344 2
3345 2
3346 2
3347 2
3348 1
3349 1
3350 1
3351 1
3352 1
3353 1
3354 1
3355 2
3356 1
3357 1
3358 1
3359 1
3360 2
3361 2
3362 2
3363 1
3364 1
3365 1
3366 1
3367 2
3368 2
3369 1
3370 1
3371 2
3372 1
3373 2
3374 2
3375 1
3376 2
3377 2
3378 2
3379 1
3380 1
3381 2
3382 2
3383 1
3384 1
3385 2
3386 2
3387 1
3388 2
3389 2
3390 1
3391 1
3392 1
3393 1
3394 1
3395 1
3396 2
3397 2
3398 1
3399 2
3400 1
3401 1
3402 1
3403 2
3404 2
3405 1
3406 1
3407 1
3408 1
3409 1
3410 1
3411 1
3412 2
3413 1
3414 1
3415 1
3416 1
3417 2
3418 2
3419 1
3420 2
3421 1
3422 1
3423 1
3424 1
3425 1
3426 2
3427 1
3428 2
3429 1
3430 1
3431 1
3432 1
3433 2
3434 2
3435 2
3436 2
3437 1
3438 1
3439 1
3440 1
3441 1
3442 2
3443 1
3444 1
3445 1
3446 2
3447 2
3448 1
3449 2
3450 2
3451 1
3452 1
3453 2
3454 1
3455 2
3456 2
3457 2
3458 1
3459 1
3460 1
3461 1
3462 2
3463 2
3464 1
3465 1
3466 1
3467 1
3468 1
3469 2
3470 2
3471 2
3472 1
3473 1
3474 1
3475 1
3476 1
3477 2
3478 1
3479 1
3480 2
3481 2
3482 1
3483 1
3484 2
3485 1
3486 1
3487 1
3488 1
3489 2
3490 1
3491 1
3492 1
3493 1
3494 2
3495 2
3496 1
3497 2
3498 2
3499 1
3500 1
3501 1
3502 1
3503 1
3504 1
3505 1
3506 1
3507 1
3508 2
3509 1
3510 1
3511 1
3512 1
3513 2
3514 1
3515 1
3516 1
3517 1
3518 1
3519 2
3520 1
3521 2
3522 1
3523 1
3524 1
3525 1
3526 2
3527 1
3528 2
3529 1
3530 2
3531 2
3532 2
3533 2
3534 1
3535 2
3536 2
3537 2
3538 2
3539 1
3540 2
3541 1
3542 2
3543 1
3544 2
3545 2
3546 2
3547 2
3548 1
3549 2
3550 1
3551 1
3552 1
3553 2
3554 2
3555 1
3556 2
3557 1
3558 1
3559 2
3560 2
3561 1
3562 1
3563 1
3564 1
3565 1
3566 1
3567 1
3568 1
3569 2
3570 2
3571 1
3572 2
3573 1
3574 2
3575 1
3576 2
3577 1
3578 1
3579 2
3580 2
3581 1
3582 2
3583 1
3584 1
3585 1
3586 1
3587 2
3588 2
3589 2
3590 1
3591 1
3592 1
3593 1
3594 2
3595 2
3596 2
3597 1
3598 1
3599 2
3600 2
3601 2
3602 1
3603 2
3604 1
3605 1
3606 1
3607 1
3608 1
3609 1
3610 1
3611 1
3612 2
3613 2
3614 1
3615 2
3616 1
3617 1
3618 2
3619 1
3620 2
3621 1
3622 2
3623 2
3624 1
3625 1
3626 2
3627 1
3628 1
3629 2
3630 2
3631 1
3632 2
3633 1
3634 2
3635 2
3636 1
3637 2
3638 1
3639 1
3640 2
3641 2
3642 1
3643 2
3644 2
3645 1
3646 1
3647 2
3648 1
3649 1
3650 2
3651 1
3652 1
3653 1
3654 1
3655 2
3656 2
3657 1
3658 1
3659 1
3660 1
3661 1
3662 1
3663 1
3664 1
3665 2
3666 1
3667 1
3668 2
3669 1
3670 2
3671 1
3672 2
3673 1
3674 2
3675 1
3676 2
3677 1
3678 2
3679 1
3680 1
3681 1
3682 1
3683 1
3684 1
3685 2
3686 1
3687 1
3688 1
3689 1
3690 1
3691 2
3692 2
3693 2
3694 1
3695 2
3696 2
3697 1
3698 1
3699 2
3700 2
3701 2
3702 1
3703 2
3704 1
3705 2
3706 1
3707 2
3708 1
3709 2
3710 2
3711 1
3712 1
3713 1
3714 1
3715 1
3716 1
3717 2
3718 1
3719 2
3720 1
3721 1
3722 2
3723 2
3724 1
3725 1
3726 2
3727 1
3728 2
3729 2
3730 2
3731 2
3732 1
3733 2
3734 1
3735 1
3736 1
3737 1
3738 2
3739 2
3740 1
3741 1
3742 1
3743 1
3744 2
3745 2
3746 2
3747 1
3748 1
3749 1
3750 2
3751 2
3752 1
3753 2
3754 2
3755 1
3756 2
3757 1
3758 1
3759 2
3760 2
3761 1
3762 1
3763 1
3764 1
3765 2
3766 2
3767 1
3768 1
3769 1
3770 1
3771 1
3772 2
3773 2
3774 2
3775 2
3776 1
3777 2
3778 1
3779 2
3780 1
3781 1
3782 2
3783 2
3784 1
3785 2
3786 1
3787 1
3788 1
3789 2
3790 2
3791 1
3792 1
3793 1
3794 1
3795 1
3796 1
3797 2
3798 2
3799 1
3800 1
3801 1
3802 1
3803 2
3804 1
3805 2
3806 1
3807 2
3808 1
3809 1
3810 1
3811 1
3812 1
3813 1
3814 1
3815 2
3816 2
3817 1
3818 2
3819 2
3820 1
3821 1
3822 1
3823 1
3824 2
3825 2
3826 1
3827 2
3828 1
3829 1
3830 1
3831 2
3832 1
3833 2
3834 2
3835 1
3836 2
3837 2
3838 1
3839 2
3840 2
3841 1
3842 1
3843 2
3844 1
3845 2
3846 2
3847 1
3848 1
3849 2
3850 2
3851 2
3852 1
3853 1
3854 1
3855 2
3856 2
3857 1
3858 1
3859 1
3860 2
3861 1
3862 1
3863 1
3864 1
3865 2
3866 1
3867 2
3868 1
3869 2
3870 2
3871 1
3872 2
3873 2
3874 2
3875 1
3876 1
3877 1
3878 2
3879 1
3880 2
3881 2
3882 2
3883 1
3884 2
3885 2
3886 1
3887 2
3888 1
3889 1
3890 1
3891 1
3892 1
3893 2
3894 1
3895 1
3896 1
3897 1
3898 1
3899 1
3900 2
3901 1
3902 1
3903 1
3904 1
3905 2
3906 2
3907 1
3908 1
3909 1
3910 1
3911 1
3912 1
3913 2
3914 1
3915 1
3916 2
3917 2
3918 2
3919 1
3920 1
3921 2
3922 1
3923 2
3924 1
3925 2
3926 1
3927 1
3928 2
3929 1
3930 1
3931 1
3932 2
3933 2
3934 2
3935 2
3936 1
3937 2
3938 1
3939 1
3940 2
3941 1
3942 2
3943 2
3944 1
3945 1
3946 2
3947 2
3948 2
3949 1
3950 2
3951 1
3952 1
3953 2
3954 2
3955 2
3956 1
3957 2
3958 1
3959 2
3960 2
3961 1
3962 1
3963 1
3964 2
3965 1
3966 1
3967 1
3968 2
3969 1
3970 2
3971 2
3972 1
3973 1
3974 1
3975 1
3976 1
3977 1
3978 1
3979 1
3980 1
3981 2
3982 2
3983 2
3984 1
3985 2
3986 1
3987 1
3988 1
3989 1
3990 1
3991 2
3992 2
3993 1
3994 1
3995 1
3996 2
3997 1
3998 1
3999 1
4000 1
4001 1
4002 2
4003 2
4004 1
4005 1
4006 1
4007 1
4008 2
4009 2
4010 2
4011 2
4012 1
4013 1
4014 1
4015 1
4016 2
4017 1
4018 2
4019 2
4020 2
4021 1
4022 2
4023 2
4024 1
4025 1
4026 2
4027 2
4028 1
4029 2
4030 2
4031 1
4032 2
4033 2
4034 2
4035 2
4036 1
4037 1
4038 2
4039 2
4040 1
4041 1
4042 2
4043 1
4044 1
4045 2
4046 2
4047 2
4048 2
4049 2
4050 1
4051 1
4052 2
4053 2
4054 1
4055 1
4056 1
4057 2
4058 1
4059 2
4060 1
4061 2
4062 2
4063 1
4064 1
4065 1
4066 2
4067 1
4068 2
4069 2
4070 1
4071 2
4072 1
4073 2
4074 2
4075 2
4076 2
4077 2
4078 2
4079 2
4080 1
4081 1
4082 2
4083 2
4084 1
4085 1
4086 1
4087 1
4088 2
4089 2
4090 1
4091 2
4092 2
4093 2
4094 1
4095 1
4096 2
4097 1
4098 2
4099 2
4100 2
4101 2
4102 1
4103 2
4104 1
4105 1
4106 2
4107 2
4108 1
4109 2
4110 2
4111 1
4112 2
4113 1
4114 2
4115 1
4116 2
4117 1
4118 1
4119 2
4120 1
4121 2
4122 1
4123 1
4124 1
4125 2
4126 1
4127 1
4128 2
4129 2
4130 2
4131 2
4132 1
4133 1
4134 2
4135 2
4136 2
4137 2
4138 1
4139 1
4140 2
4141 2
4142 1
4143 1
4144 1
4145 1
4146 1
4147 1
4148 2
4149 2
4150 2
4151 1
4152 2
4153 1
4154 1
4155 1
4156 1
4157 2
4158 1
4159 2
4160 2
4161 2
4162 1
4163 2
4164 2
4165 1
4166 1
4167 1
4168 2
4169 1
4170 2
4171 1
4172 1
4173 2
4174 2
4175 2
4176 1
4177 1
4178 2
4179 1
4180 1
4181 2
4182 1
4183 2
4184 1
4185 2
4186 1
4187 2
4188 1
4189 2
4190 2
4191 1
4192 1
4193 2
4194 1
4195 1
4196 2
4197 1
4198 2
4199 1
4200 1
4201 1
4202 1
4203 2
4204 2
4205 2
4206 1
4207 1
4208 2
4209 1
4210 1
4211 2
4212 2
4213 1
4214 1
4215 1
4216 1
4217 2
4218 1
4219 2
4220 2
4221 2
4222 1
4223 2
4224 1
4225 1
4226 2
4227 2
4228 2
4229 1
4230 2
4231 2
4232 1
4233 1
4234 2
4235 1
4236 2
4237 1
4238 1
4239 2
4240 2
4241 1
4242 2
4243 2
4244 2
4245 1
4246 1
4247 1
4248 1
4249 1
4250 2
4251 2
4252 2
4253 1
4254 2
4255 1
4256 1
4257 2
4258 2
4259 2
4260 2
4261 1
4262 1
4263 1
4264 1
4265 2
4266 2
4267 1
4268 1
4269 1
4270 1
4271 1
4272 2
4273 1
4274 1
4275 1
4276 1
4277 2
4278 1
4279 1
4280 1
4281 1
4282 2
4283 2
4284 1
4285 2
4286 1
4287 1
4288 2
4289 2
4290 2
4291 2
4292 1
4293 1
4294 2
4295 1
4296 2
4297 1
4298 1
4299 1
4300 2
4301 2
4302 1
4303 2
4304 1
4305 2
4306 1
4307 1
4308 1
4309 2
4310 1
4311 1
4312 1
4313 1
4314 1
4315 1
4316 2
4317 2
4318 1
4319 2
4320 1
4321 1
4322 2
4323 1
4324 1
4325 1
4326 2
4327 1
4328 1
4329 2
4330 1
4331 1
4332 1
4333 1
4334 1
4335 2
4336 1
4337 2
4338 2
4339 1
4340 2
4341 1
4342 1
4343 1
4344 1
4345 1
4346 1
4347 2
4348 1
4349 1
4350 1
4351 1
4352 1
4353 2
4354 2
4355 2
4356 1
4357 1
4358 1
4359 1
4360 1
4361 2
4362 2
4363 1
4364 1
4365 1
4366 1
4367 2
4368 1
4369 1
4370 1
4371 1
4372 1
4373 1
4374 2
4375 1
4376 2
4377 1
4378 1
4379 2
4380 1
4381 1
4382 1
4383 1
4384 1
4385 2
4386 2
4387 1
4388 1
4389 2
4390 1
4391 1
4392 2
4393 2
4394 1
4395 2
4396 1
4397 1
4398 2
4399 2
4400 1
4401 2
4402 1
4403 1
4404 2
4405 1
4406 2
4407 2
4408 1
4409 2
4410 1
4411 1
4412 2
4413 1
4414 2
4415 2
4416 1
4417 1
4418 1
4419 1
4420 1
4421 2
4422 1
4423 2
4424 1
4425 1
4426 1
4427 1
4428 2
4429 1
4430 1
4431 1
4432 2
4433 1
4434 1
4435 2
4436 2
4437 1
4438 2
4439 2
4440 2
4441 1
4442 2
4443 2
4444 2
4445 1
4446 1
4447 2
4448 2
4449 2
4450 1
4451 1
4452 2
4453 1
4454 2
4455 1
4456 2
4457 2
4458 1
4459 1
4460 2
4461 1
4462 1
4463 2
4464 2
4465 1
4466 1
4467 1
4468 2
4469 1
4470 1
4471 1
4472 1
4473 1
4474 1
4475 1
4476 2
4477 2
4478 2
4479 2
4480 1
4481 1
4482 2
4483 1
4484 1
4485 2
4486 1
4487 1
4488 2
4489 1
4490 1
4491 2
4492 2
4493 2
4494 1
4495 1
4496 1
4497 1
4498 1
4499 2
4500 2
4501 2
4502 1
4503 1
4504 1
4505 2
4506 1
4507 1
4508 2
4509 1
4510 2
4511 2
4512 2
4513 2
4514 1
4515 1
4516 2
4517 2
4518 1
4519 1
4520 2
4521 2
4522 1
4523 1
4524 1
4525 2
4526 1
4527 1
4528 2
4529 1
4530 1
4531 2
4532 1
4533 1
4534 1
4535 2
4536 2
4537 2
4538 2
4539 1
4540 1
4541 1
4542 2
4543 1
4544 1
4545 2
4546 2
4547 1
4548 1
4549 2
4550 2
4551 2
4552 1
4553 2
4554 2
4555 1
4556 1
4557 1
4558 2
4559 2
4560 1
4561 2
4562 1
4563 1
4564 1
4565 1
4566 1
4567 1
4568 1
4569 1
4570 1
4571 1
4572 1
4573 2
4574 2
4575 2
4576 1
4577 1
4578 1
4579 2
4580 2
4581 1
4582 2
4583 2
4584 1
4585 1
4586 1
4587 1
4588 1
4589 1
4590 2
4591 1
4592 1
4593 1
4594 2
4595 2
4596 1
4597 2
4598 1
4599 1
4600 1
4601 2
4602 2
4603 1
4604 1
4605 2
4606 2
4607 2
4608 1
4609 1
4610 1
4611 1
4612 1
4613 1
4614 2
4615 2
4616 1
4617 2
4618 2
4619 1
4620 2
4621 1
4622 1
4623 2
4624 1
4625 1
4626 2
4627 1
4628 1
4629 1
4630 1
4631 1
4632 1
4633 2
4634 2
4635 1
4636 1
4637 1
4638 1
4639 2
4640 1
4641 2
4642 1
4643 2
4644 1
4645 2
4646 2
4647 2
4648 2
4649 1
4650 2
4651 2
4652 1
4653 2
4654 1
4655 2
4656 1
4657 1
4658 2
4659 1
4660 2
4661 2
4662 2
4663 2
4664 1
4665 2
4666 1
4667 1
4668 1
4669 2
4670 1
4671 2
4672 2
4673 2
4674 1
4675 1
4676 1
4677 2
4678 1
4679 2
4680 2
4681 1
4682 1
4683 2
4684 1
4685 1
4686 1
4687 2
4688 2
4689 1
4690 2
4691 2
4692 1
4693 2
4694 2
4695 2
4696 1
4697 1
4698 2
4699 1
4700 2
4701 1
4702 1
4703 1
4704 1
4705 2
4706 1
4707 2
4708 2
4709 2
4710 1
4711 2
4712 1
4713 1
4714 1
4715 1
4716 2
4717 1
4718 2
4719 1
4720 2
4721 1
4722 2
4723 1
4724 1
4725 2
4726 1
4727 2
4728 1
4729 2
4730 2
4731 1
4732 1
4733 2
4734 2
4735 2
4736 1
4737 1
4738 2
4739 1
4740 1
4741 1
4742 1
4743 1
4744 2
4745 1
4746 1
4747 1
4748 1
4749 2
4750 2
4751 2
4752 2
4753 2
4754 1
4755 1
4756 1
4757 1
4758 1
4759 1
4760 2
4761 1
4762 2
4763 1
4764 1
4765 1
4766 1
4767 1
4768 1
4769 2
4770 1
4771 2
4772 1
4773 1
4774 1
4775 2
4776 1
4777 1
4778 1
4779 1
4780 1
4781 2
4782 2
4783 1
4784 1
4785 2
4786 1
4787 2
4788 1
4789 2
4790 1
4791 1
4792 1
4793 1
4794 1
4795 2
4796 1
4797 1
4798 2
4799 2
4800 2
4801 2
4802 2
4803 2
4804 1
4805 2
4806 2
4807 2
4808 1
4809 1
4810 1
4811 1
4812 1
4813 1
4814 2
4815 1
4816 1
4817 2
4818 2
4819 1
4820 1
4821 2
4822 1
4823 1
4824 2
4825 1
4826 2
4827 2
4828 1
4829 2
4830 2
4831 1
4832 2
4833 2
4834 1
4835 1
4836 1
4837 2
4838 1
4839 1
4840 2
4841 1
4842 1
4843 1
4844 2
4845 1
4846 1
4847 1
4848 1
4849 2
4850 1
4851 1
4852 1
4853 1
4854 1
4855 2
4856 2
4857 2
4858 2
4859 1
4860 2
4861 2
4862 2
4863 2
4864 2
4865 2
4866 2
4867 1
4868 1
4869 2
4870 1
4871 1
4872 1
4873 2
4874 1
4875 2
4876 2
4877 1
4878 2
4879 1
4880 1
4881 2
4882 1
4883 1
4884 1
4885 1
4886 1
4887 1
4888 1
4889 1
4890 2
4891 1
4892 1
4893 2
4894 1
4895 2
4896 1
4897 2
4898 1
4899 2
4900 1
4901 1
4902 1
4903 2
4904 2
4905 1
4906 1
4907 2
4908 2
4909 1
4910 1
4911 2
4912 2
4913 1
4914 1
4915 1
4916 2
4917 1
4918 2
4919 2
4920 1
4921 1
4922 1
4923 2
4924 1
4925 1
4926 1
4927 1
4928 1
4929 2
4930 1
4931 1
4932 2
4933 1
4934 2
4935 2
4936 2
4937 2
4938 1
4939 2
4940 1
4941 1
4942 2
4943 2
4944 2
4945 2
4946 1
4947 1
4948 1
4949 1
4950 1
4951 1
4952 2
4953 1
4954 2
4955 1
4956 2
4957 1
4958 2
4959 2
4960 1
4961 2
4962 2
4963 1
4964 1
4965 2
4966 2
4967 1
4968 1
4969 1
4970 2
4971 2
4972 1
4973 1
4974 1
4975 2
4976 1
4977 2
4978 1
4979 1
4980 1
4981 2
4982 1
4983 2
4984 2
4985 1
4986 1
4987 2
4988 1
4989 1
4990 1
4991 2
4992 2
4993 1
4994 1
4995 2
4996 2
4997 1
4998 2
4999 2
5000 2
5001 1
5002 2
5003 1
5004 2
5005 1
5006 1
5007 1
5008 1
5009 1
5010 1
5011 2
5012 1
5013 1
5014 2
5015 1
5016 2
5017 2
5018 2
5019 1
5020 2
5021 1
5022 1
5023 2
5024 2
5025 2
5026 2
5027 2
5028 1
5029 2
5030 2
5031 1
5032 2
5033 2
5034 2
5035 1
5036 1
5037 2
5038 1
5039 2
5040 2
5041 1
5042 2
5043 2
5044 1
5045 1
5046 1
5047 1
5048 2
5049 1
5050 1
5051 2
5052 1
5053 1
5054 1
5055 2
5056 1
5057 2
5058 1
5059 1
5060 1
5061 1
5062 1
5063 2
5064 1
5065 1
5066 2
5067 1
5068 2
5069 2
5070 1
5071 1
5072 1
5073 1
5074 1
5075 2
5076 2
5077 2
5078 2
5079 1
5080 2
5081 2
5082 2
5083 1
5084 2
5085 1
5086 2
5087 1
5088 2
5089 2
5090 2
5091 2
5092 1
5093 1
5094 1
5095 1
5096 2
5097 1
5098 1
5099 2
5100 2
5101 1
5102 1
5103 2
5104 1
5105 2
5106 1
5107 2
5108 2
5109 2
5110 2
5111 2
5112 1
5113 1
5114 1
5115 1
5116 1
5117 1
5118 1
5119 1
5120 2
5121 1
5122 1
5123 1
5124 2
5125 1
5126 2
5127 1
5128 1
5129 1
5130 2
5131 2
5132 1
5133 2
5134 2
5135 2
5136 2
5137 1
5138 1
5139 2
5140 1
5141 1
5142 1
5143 2
5144 1
5145 2
5146 1
5147 1
5148 2
5149 1
5150 1
5151 1
5152 1
5153 1
5154 1
5155 1
5156 2
5157 1
5158 2
5159 2
5160 1
5161 1
5162 1
5163 1
5164 1
5165 1
5166 2
5167 2
5168 1
5169 1
5170 1
5171 1
5172 2
5173 1
5174 2
5175 1
5176 2
5177 1
5178 1
5179 2
5180 1
5181 1
5182 2
5183 1
5184 2
5185 1
5186 2
5187 1
5188 1
5189 1
5190 1
5191 1
5192 2
5193 2
5194 2
5195 1
5196 2
5197 2
5198 1
5199 2
5200 2
5201 1
5202 1
5203 2
5204 1
5205 1
5206 2
5207 2
5208 2
5209 2
5210 1
5211 2
5212 2
5213 2
5214 1
5215 1
5216 2
5217 1
5218 2
5219 2
5220 1
5221 1
5222 1
5223 1
5224 1
5225 2
5226 1
5227 1
5228 2
5229 2
5230 2
5231 2
5232 1
5233 1
5234 2
5235 2
5236 2
5237 1
5238 1
5239 1
5240 2
5241 1
5242 1
5243 2
5244 2
5245 1
5246 1
5247 1
5248 2
5249 1
5250 1
5251 1
5252 2
5253 1
5254 1
5255 1
5256 1
5257 1
5258 1
5259 1
5260 1
5261 2
5262 1
5263 2
5264 1
5265 1
5266 1
5267 2
5268 1
5269 2
5270 1
5271 1
5272 1
5273 2
5274 2
5275 2
5276 1
5277 2
5278 2
5279 2
5280 2
5281 2
5282 2
5283 2
5284 2
5285 2
5286 2
5287 1
5288 2
5289 2
5290 1
5291 1
5292 1
5293 1
5294 2
5295 1
5296 1
5297 2
5298 1
5299 1
5300 2
5301 1
5302 2
5303 1
5304 2
5305 1
5306 2
5307 1
5308 1
5309 1
5310 2
5311 1
5312 1
5313 2
5314 1
5315 1
5316 2
5317 1
5318 1
5319 2
5320 1
5321 1
5322 1
5323 2
5324 2
5325 1
5326 2
5327 1
5328 2
5329 1
5330 2
5331 1
5332 1
5333 1
5334 2
5335 2
5336 2
5337 2
5338 2
5339 2
5340 2
5341 2
5342 2
5343 1
5344 1
5345 1
5346 2
5347 2
5348 2
5349 2
5350 2
5351 1
5352 1
5353 1
5354 1
5355 2
5356 2
5357 1
5358 2
5359 2
5360 1
5361 1
5362 1
5363 2
5364 1
5365 1
5366 1
5367 2
5368 1
5369 1
5370 2
5371 1
5372 2
5373 2
5374 2
5375 2
5376 1
5377 2
5378 1
5379 2
5380 1
5381 2
5382 2
5383 1
5384 1
5385 2
5386 1
5387 2
5388 1
5389 1
5390 2
5391 1
5392 2
5393 2
5394 1
5395 2
5396 1
5397 1
5398 2
5399 2
5400 2
5401 2
5402 2
5403 1
5404 2
5405 1
5406 1
5407 1
5408 2
5409 2
5410 1
5411 2
5412 1
5413 1
5414 2
5415 1
5416 1
5417 2
5418 2
5419 2
5420 1
5421 1
5422 1
5423 1
5424 1
5425 2
5426 1
5427 1
5428 1
5429 1
5430 1
5431 2
5432 2
5433 2
5434 1
5435 1
5436 2
5437 2
5438 1
5439 1
5440 1
5441 2
5442 1
5443 2
5444 2
5445 1
5446 2
5447 1
5448 2
5449 2
5450 1
5451 1
5452 2
5453 1
5454 1
5455 1
5456 1
5457 1
5458 2
5459 1
5460 1
5461 1
5462 1
5463 1
5464 1
5465 2
5466 1
5467 1
5468 2
5469 1
5470 1
5471 2
5472 1
5473 2
5474 1
5475 2
5476 1
5477 2
5478 2
5479 1
5480 2
5481 2
5482 1
5483 2
5484 2
5485 2
5486 1
5487 1
5488 2
5489 1
5490 1
5491 1
5492 1
5493 1
5494 1
5495 2
5496 2
5497 1
5498 1
5499 1
5500 2
5501 1
5502 2
5503 2
5504 2
5505 1
5506 2
5507 2
5508 1
5509 2
5510 2
5511 2
5512 2
5513 2
5514 1
5515 1
5516 1
5517 1
5518 1
5519 1
5520 1
5521 1
5522 2
5523 1
5524 1
5525 1
5526 1
5527 1
5528 1
5529 1
5530 2
5531 2
5532 1
5533 1
5534 1
5535 1
5536 1
5537 2
5538 2
5539 1
5540 1
5541 1
5542 2
5543 1
5544 2
5545 2
5546 1
5547 1
5548 1
5549 1
5550 1
5551 2
5552 1
5553 2
5554 2
5555 2
5556 2
5557 2
5558 1
5559 1
5560 1
5561 1
5562 1
5563 2
5564 1
5565 2
5566 2
5567 2
5568 2
5569 2
5570 1
5571 1
5572 1
5573 1
5574 2
5575 2
5576 2
5577 1
5578 1
5579 1
5580 1
5581 1
5582 1
5583 1
5584 2
5585 2
5586 2
5587 1
5588 1
5589 1
5590 2
5591 2
5592 2
5593 1
5594 2
5595 1
5596 1
5597 2
5598 2
5599 2
5600 1
5601 1
5602 1
5603 2
5604 2
5605 1
5606 1
5607 1
5608 1
5609 1
5610 1
5611 1
5612 2
5613 2
5614 1
5615 2
5616 1
5617 1
5618 2
5619 1
5620 1
5621 2
5622 2
5623 2
5624 1
5625 1
5626 2
5627 2
5628 1
5629 1
5630 2
5631 2
5632 2
5633 1
5634 1
5635 2
5636 2
5637 2
5638 1
5639 1
5640 1
5641 2
5642 1
5643 1
5644 1
5645 2
5646 1
5647 1
5648 1
5649 1
5650 1
5651 2
5652 1
5653 1
5654 1
5655 2
5656 2
5657 2
5658 1
5659 2
5660 1
5661 1
5662 1
5663 1
5664 1
5665 1
5666 2
5667 1
5668 1
5669 2
5670 2
5671 2
5672 1
5673 1
5674 1
5675 1
5676 1
5677 1
5678 1
5679 2
5680 2
5681 1
5682 1
5683 2
5684 2
5685 1
5686 2
5687 2
5688 1
5689 2
5690 1
5691 1
5692 2
5693 1
5694 2
5695 2
5696 1
5697 1
5698 2
5699 2
5700 1
5701 1
5702 2
5703 1
5704 1
5705 1
5706 1
5707 2
5708 1
5709 2
5710 2
5711 2
5712 1
5713 1
5714 2
5715 2
5716 1
5717 2
5718 1
5719 2
5720 1
5721 1
5722 1
5723 2
5724 2
5725 1
5726 2
5727 1
5728 1
5729 1
5730 1
5731 1
5732 2
5733 1
5734 1
5735 2
5736 2
5737 1
5738 1
5739 1
5740 1
5741 2
5742 1
5743 2
5744 2
5745 2
5746 2
5747 2
5748 2
5749 1
5750 1
5751 1
5752 2
5753 1
5754 1
5755 1
5756 2
5757 1
5758 1
5759 2
5760 2
5761 2
5762 2
5763 2
5764 1
5765 1
5766 1
5767 1
5768 1
5769 1
5770 2
5771 2
5772 1
5773 2
5774 1
5775 2
5776 2
5777 1
5778 2
5779 2
5780 1
5781 1
5782 2
5783 2
5784 1
5785 1
5786 1
5787 1
5788 2
5789 1
5790 1
5791 1
5792 1
5793 2
5794 2
5795 1
5796 2
5797 1
5798 1
5799 1
5800 2
5801 2
5802 1
5803 2
5804 1
5805 1
5806 2
5807 2
5808 1
5809 1
5810 1
5811 1
5812 1
5813 2
5814 1
5815 1
5816 2
5817 2
5818 1
5819 1
5820 2
5821 1
5822 2
5823 1
5824 2
5825 2
5826 2
5827 1
5828 2
5829 1
5830 1
5831 1
5832 2
5833 2
5834 1
5835 1
5836 1
5837 2
5838 1
5839 1
5840 2
5841 1
5842 2
5843 1
5844 2
5845 2
5846 2
5847 2
5848 1
5849 2
5850 2
5851 1
5852 1
5853 1
5854 1
5855 1
5856 1
5857 2
5858 1
5859 2
5860 2
5861 2
5862 1
5863 1
5864 1
5865 1
5866 1
5867 1
5868 1
5869 2
5870 2
5871 2
5872 1
5873 1
5874 1
5875 2
5876 1
5877 1
5878 1
5879 1
5880 2
5881 1
5882 1
5883 2
5884 2
5885 1
5886 1
5887 2
5888 1
5889 2
5890 1
5891 2
5892 2
5893 1
5894 2
5895 2
5896 1
5897 1
5898 1
5899 1
5900 2
5901 1
5902 1
5903 1
5904 1
5905 2
5906 1
5907 1
5908 2
5909 1
5910 2
5911 1
5912 1
5913 1
5914 1
5915 2
5916 1
5917 1
5918 2
5919 1
5920 1
5921 2
5922 2
5923 2
5924 1
5925 2
5926 2
5927 1
5928 2
5929 1
5930 1
5931 1
5932 2
5933 1
5934 2
5935 1
5936 1
5937 1
5938 2
5939 2
5940 2
5941 1
5942 2
5943 2
5944 1
5945 1
5946 1
5947 2
5948 1
5949 2
5950 2
5951 2
5952 2
5953 1
5954 2
5955 1
5956 2
5957 1
5958 2
5959 1
5960 1
5961 1
5962 1
5963 2
5964 2
5965 1
5966 1
5967 1
5968 1
5969 2
5970 2
5971 1
5972 1
5973 1
5974 2
5975 2
5976 2
5977 1
5978 2
5979 2
5980 1
5981 2
5982 1
5983 2
5984 2
5985 2
5986 2
5987 1
5988 1
5989 1
5990 2
5991 1
5992 2
5993 1
5994 2
5995 2
5996 1
5997 2
5998 1
5999 2
6000 2
6001 1
6002 2
6003 1
6004 2
6005 2
6006 1
6007 1
6008 1
6009 2
6010 1
6011 2
6012 1
6013 2
6014 1
6015 1
6016 2
6017 1
6018 1
6019 1
6020 1
6021 2
6022 2
6023 1
6024 1
6025 1
6026 1
6027 2
6028 1
6029 1
6030 1
6031 2
6032 1
6033 1
6034 2
6035 1
6036 1
6037 2
6038 1
6039 1
6040 2
6041 1
6042 2
6043 2
6044 2
6045 1
6046 1
6047 1
6048 2
6049 1
6050 1
6051 1
6052 1
6053 1
6054 2
6055 1
6056 1
6057 1
6058 2
6059 1
6060 1
6061 1
6062 2
6063 2
6064 1
6065 2
6066 2
6067 2
6068 1
6069 2
6070 1
6071 2
6072 1
6073 2
6074 2
6075 1
6076 1
6077 2
6078 1
6079 1
6080 1
6081 1
6082 2
6083 2
6084 2
6085 2
6086 1
6087 2
6088 1
6089 1
6090 1
6091 2
6092 1
6093 1
6094 1
6095 1
6096 2
6097 2
6098 1
6099 2
6100 1
6101 1
6102 1
6103 1
6104 1
6105 1
6106 1
6107 2
6108 1
6109 1
6110 2
6111 2
6112 2
6113 1
6114 2
6115 1
6116 2
6117 2
6118 1
6119 2
6120 1
6121 2
6122 2
6123 2
6124 2
6125 1
6126 2
6127 2
6128 2
6129 1
6130 2
6131 1
6132 1
6133 2
6134 2
6135 1
6136 2
6137 1
6138 2
6139 1
6140 1
6141 1
6142 2
6143 2
6144 1
6145 1
6146 2
6147 1
6148 2
6149 1
6150 2
6151 1
6152 1
6153 1
6154 1
6155 1
6156 2
6157 1
6158 2
6159 2
6160 2
6161 1
6162 2
6163 1
6164 1
6165 1
6166 1
6167 2
6168 2
6169 1
6170 2
6171 2
6172 1
6173 2
6174 2
6175 2
6176 1
6177 2
6178 1
6179 1
6180 1
6181 1
6182 2
6183 1
6184 1
6185 2
6186 1
6187 1
6188 1
6189 1
6190 2
6191 2
6192 1
6193 2
6194 2
6195 1
6196 2
6197 1
6198 1
6199 2
6200 2
6201 2
6202 1
6203 2
6204 1
6205 2
6206 2
6207 1
6208 2
6209 1
6210 2
6211 1
6212 1
6213 2
6214 2
6215 1
6216 2
6217 2
6218 2
6219 1
6220 1
6221 2
6222 1
6223 2
6224 2
6225 2
6226 1
6227 1
6228 2
6229 1
6230 1
6231 1
6232 1
6233 1
6234 1
6235 2
6236 2
6237 2
6238 2
6239 2
6240 1
6241 1
6242 1
6243 2
6244 1
6245 2
6246 1
6247 2
6248 2
6249 2
6250 1
6251 1
6252 2
6253 1
6254 1
6255 2
6256 2
6257 2
6258 1
6259 2
6260 2
6261 2
6262 2
6263 1
6264 2
6265 2
6266 2
6267 1
6268 1
6269 1
6270 2
6271 1
6272 2
6273 2
6274 2
6275 2
6276 1
6277 1
6278 2
6279 2
6280 2
6281 2
6282 1
6283 2
6284 2
6285 1
6286 2
6287 1
6288 2
6289 1
6290 1
6291 2
6292 1
6293 2
6294 2
6295 1
6296 2
6297 2
6298 1
6299 1
6300 2
6301 1
6302 2
6303 2
6304 1
6305 1
6306 1
6307 1
6308 1
6309 1
6310 2
6311 1
6312 1
6313 1
6314 2
6315 2
6316 1
6317 2
6318 1
6319 2
6320 1
6321 2
6322 2
6323 2
6324 2
6325 1
6326 1
6327 2
6328 1
6329 1
6330 1
6331 2
6332 1
6333 1
6334 1
6335 1
6336 1
6337 1
6338 1
6339 1
6340 1
6341 2
6342 2
6343 2
6344 1
6345 1
6346 2
6347 2
6348 2
6349 2
6350 1
6351 1
6352 1
6353 1
6354 2
6355 1
6356 2
6357 1
6358 1
6359 1
6360 2
6361 1
6362 2
6363 1
6364 1
6365 2
6366 2
6367 1
6368 2
6369 1
6370 2
6371 2
6372 1
6373 2
6374 2
6375 1
6376 1
6377 1
6378 1
6379 1
6380 1
6381 1
6382 2
6383 2
6384 1
6385 1
6386 1
6387 1
6388 1
6389 1
6390 1
6391 1
6392 1
6393 2
6394 1
6395 1
6396 1
6397 2
6398 2
6399 2
6400 1
6401 1
6402 2
6403 1
6404 1
6405 1
6406 2
6407 1
6408 2
6409 2
6410 2
6411 1
6412 1
6413 1
6414 2
6415 1
6416 1
6417 1
6418 2
6419 2
6420 1
6421 1
6422 1
6423 1
6424 2
6425 2
6426 1
6427 1
6428 1
6429 2
6430 2
6431 1
6432 1
6433 2
6434 1
6435 1
6436 1
6437 2
6438 2
6439 1
6440 2
6441 2
6442 1
6443 2
6444 1
6445 2
6446 1
6447 1
6448 1
6449 1
6450 1
6451 2
6452 2
6453 1
6454 1
6455 2
6456 1
6457 1
6458 1
6459 1
6460 1
6461 2
6462 1
6463 1
6464 1
6465 1
6466 1
6467 1
6468 1
6469 1
6470 1
6471 1
6472 1
6473 2
6474 1
6475 2
6476 1
6477 2
6478 1
6479 1
6480 1
6481 2
6482 2
6483 2
6484 1
6485 1
6486 1
6487 2
6488 1
6489 1
6490 1
6491 1
6492 2
6493 2
6494 1
6495 2
6496 1
6497 1
6498 1
6499 2
6500 1
6501 2
6502 1
6503 2
6504 1
6505 1
6506 1
6507 1
6508 1
6509 1
6510 1
6511 1
6512 1
6513 1
6514 1
6515 2
6516 1
6517 2
6518 2
6519 2
6520 1
6521 1
6522 2
6523 1
6524 1
6525 2
6526 1
6527 2
6528 1
6529 1
6530 1
6531 1
6532 1
6533 2
6534 2
6535 2
6536 2
6537 2
6538 1
6539 1
6540 1
6541 1
6542 2
6543 1
6544 2
6545 2
6546 2
6547 1
6548 1
6549 1
6550 1
6551 1
6552 1
6553 1
6554 1
6555 2
6556 2
6557 2
6558 2
6559 1
6560 1
6561 1
6562 1
6563 1
6564 1
6565 1
6566 2
6567 1
6568 2
6569 1
6570 2
6571 2
6572 2
6573 1
6574 2
6575 1
6576 1
6577 2
6578 1
6579 2
6580 1
6581 1
6582 1
6583 1
6584 2
6585 1
6586 1
6587 1
6588 1
6589 2
6590 1
6591 1
6592 1
6593 2
6594 1
6595 1
6596 2
6597 2
6598 2
6599 2
6600 1
6601 2
6602 2
6603 2
6604 2
6605 2
6606 2
6607 1
6608 1
6609 1
6610 1
6611 1
6612 1
6613 1
6614 2
6615 1
6616 2
6617 2
6618 1
6619 1
6620 2
6621 1
6622 2
6623 2
6624 1
6625 1
6626 1
6627 2
6628 1
6629 1
6630 1
6631 2
6632 1
6633 1
6634 2
6635 1
6636 2
6637 1
6638 2
6639 1
6640 1
6641 2
6642 1
6643 1
6644 1
6645 1
6646 2
6647 2
6648 1
6649 1
6650 1
6651 1
6652 1
6653 1
6654 1
6655 1
6656 1
6657 1
6658 2
6659 2
6660 1
6661 2
6662 2
6663 2
6664 2
6665 1
6666 2
6667 2
6668 1
6669 2
6670 2
6671 1
6672 1
6673 1
6674 1
6675 2
6676 1
6677 2
6678 2
6679 2
6680 2
6681 2
6682 2
6683 1
6684 1
6685 1
6686 1
6687 1
6688 1
6689 1
6690 1
6691 2
6692 2
6693 1
6694 1
6695 1
6696 2
6697 2
6698 1
6699 2
6700 2
6701 2
6702 2
6703 1
6704 2
6705 2
6706 2
6707 2
6708 1
6709 1
6710 1
6711 2
6712 1
6713 2
6714 1
6715 1
6716 2
6717 1
6718 1
6719 2
6720 1
6721 2
6722 1
6723 1
6724 1
6725 1
6726 2
6727 1
6728 1
6729 1
6730 1
6731 1
6732 1
6733 1
6734 2
6735 2
6736 1
6737 1
6738 2
6739 1
6740 1
6741 2
6742 1
6743 1
6744 2
6745 1
6746 2
6747 2
6748 1
6749 1
6750 1
6751 1
6752 1
6753 2
6754 2
6755 1
6756 2
6757 1
6758 1
6759 2
6760 1
6761 2
6762 1
6763 1
6764 1
6765 2
6766 2
6767 2
6768 1
6769 2
6770 1
6771 2
6772 2
6773 1
6774 1
6775 2
6776 1
6777 1
6778 1
6779 2
6780 1
6781 1
6782 1
6783 1
6784 1
6785 1
6786 2
6787 1
6788 1
6789 1
6790 2
6791 2
6792 2
6793 2
6794 1
6795 2
6796 1
6797 2
6798 1
6799 2
6800 2
6801 1
6802 1
6803 1
6804 1
6805 1
6806 1
6807 2
6808 2
6809 1
6810 2
6811 2
6812 2
6813 1
6814 2
6815 2
6816 1
6817 1
6818 1
6819 2
6820 1
6821 2
6822 2
6823 1
6824 1
6825 1
6826 1
6827 1
6828 1
6829 1
6830 2
6831 1
6832 1
6833 2
6834 2
6835 1
6836 1
6837 1
6838 2
6839 2
6840 1
6841 2
6842 2
6843 2
6844 2
6845 1
6846 1
6847 1
6848 1
6849 1
6850 1
6851 2
6852 1
6853 1
6854 2
6855 1
6856 2
6857 1
6858 1
6859 1
6860 2
6861 1
6862 1
6863 1
6864 1
6865 1
6866 1
6867 2
6868 1
6869 2
6870 2
6871 1
6872 1
6873 1
6874 2
6875 2
6876 1
6877 1
6878 2
6879 1
6880 2
6881 1
6882 2
6883 2
6884 2
6885 2
6886 2
6887 1
6888 2
6889 2
6890 1
6891 1
6892 2
6893 2
6894 1
6895 1
6896 1
6897 2
6898 1
6899 1
6900 1
6901 1
6902 2
6903 1
6904 1
6905 1
6906 2
6907 1
6908 1
6909 2
6910 1
6911 1
6912 2
6913 1
6914 1
6915 2
6916 2
6917 2
6918 2
6919 1
6920 2
6921 1
6922 2
6923 1
6924 1
6925 2
6926 1
6927 1
6928 1
6929 1
6930 1
6931 2
6932 1
6933 1
6934 1
6935 2
6936 1
6937 1
6938 1
6939 1
6940 2
6941 2
6942 2
6943 2
6944 2
6945 1
6946 1
6947 1
6948 1
6949 2
6950 1
6951 2
6952 1
6953 2
6954 1
6955 2
6956 1
6957 1
6958 1
6959 2
6960 2
6961 1
6962 1
6963 2
6964 1
6965 1
6966 1
6967 2
6968 1
6969 1
6970 1
6971 1
6972 2
6973 1
6974 1
6975 2
6976 1
6977 2
6978 1
6979 1
6980 2
6981 1
6982 2
6983 1
6984 2
6985 1
6986 2
6987 2
6988 1
6989 2
6990 2
6991 2
6992 1
6993 1
6994 1
6995 2
6996 1
6997 1
6998 2
6999 1
7000 2
7001 2
7002 1
7003 2
7004 2
7005 1
7006 1
7007 2
7008 2
7009 2
7010 2
7011 1
7012 1
7013 1
7014 1
7015 1
7016 1
7017 1
7018 1
7019 2
7020 1
7021 2
7022 1
7023 1
7024 1
7025 1
7026 2
7027 2
7028 1
7029 1
7030 1
7031 1
7032 1
7033 2
7034 1
7035 2
7036 2
7037 2
7038 1
7039 2
7040 1
7041 2
7042 1
7043 1
7044 2
7045 1
7046 1
7047 1
7048 2
7049 2
7050 1
7051 1
7052 1
7053 1
7054 1
7055 1
7056 2
7057 1
7058 1
7059 1
7060 1
7061 1
7062 1
7063 2
7064 1
7065 1
7066 1
7067 1
7068 2
7069 1
7070 1
7071 1
7072 1
7073 1
7074 2
7075 1
7076 1
7077 1
7078 2
7079 1
7080 1
7081 2
7082 1
7083 1
7084 1
7085 2
7086 2
7087 2
7088 2
7089 2
7090 1
7091 1
7092 1
7093 1
7094 1
7095 2
7096 1
7097 1
7098 1
7099 1
7100 2
7101 1
7102 1
7103 2
7104 1
7105 2
7106 2
7107 1
7108 1
7109 1
7110 1
7111 1
7112 1
7113 2
7114 1
7115 2
7116 2
7117 1
7118 1
7119 1
7120 2
7121 1
7122 1
7123 2
7124 2
7125 2
7126 2
7127 2
7128 1
7129 1
7130 1
7131 1
7132 1
7133 1
7134 1
7135 1
7136 2
7137 2
7138 1
7139 1
7140 2
7141 2
7142 2
7143 2
7144 1
7145 1
7146 1
7147 1
7148 2
7149 2
7150 1
7151 1
7152 1
7153 1
7154 1
7155 1
7156 2
7157 1
7158 1
7159 1
7160 1
7161 1
7162 2
7163 2
7164 2
7165 2
7166 1
7167 2
7168 1
7169 1
7170 2
7171 2
7172 1
7173 2
7174 1
7175 1
7176 1
7177 1
7178 2
7179 1
7180 1
7181 1
7182 2
7183 1
7184 1
7185 2
7186 2
7187 2
7188 1
7189 2
7190 1
7191 2
7192 1
7193 1
7194 1
7195 1
7196 1
7197 2
7198 1
7199 1
7200 1
7201 2
7202 2
7203 1
7204 1
7205 1
7206 2
7207 2
7208 1
7209 2
7210 1
7211 1
7212 2
7213 1
7214 2
7215 1
7216 1
7217 2
7218 1
7219 2
7220 1
7221 1
7222 1
7223 1
7224 1
7225 1
7226 1
7227 1
7228 2
7229 1
7230 1
7231 1
7232 1
7233 1
7234 1
7235 2
7236 2
7237 1
7238 2
7239 1
7240 2
7241 1
7242 2
7243 1
7244 2
7245 2
7246 1
7247 2
7248 1
7249 2
7250 1
7251 2
7252 2
7253 1
7254 2
7255 1
7256 1
7257 1
7258 1
7259 1
7260 1
7261 2
7262 1
7263 2
7264 2
7265 1
7266 1
7267 2
7268 1
7269 2
7270 2
7271 1
7272 1
7273 1
7274 1
7275 1
7276 1
7277 2
7278 2
7279 2
7280 1
7281 1
7282 2
7283 2
7284 1
7285 1
7286 2
7287 1
7288 1
7289 1
7290 2
7291 2
7292 2
7293 1
7294 1
7295 2
7296 1
7297 1
7298 2
7299 1
7300 2
7301 1
7302 1
7303 2
7304 1
7305 1
7306 1
7307 2
7308 2
7309 1
7310 2
7311 2
7312 1
7313 1
7314 1
7315 1
7316 1
7317 1
7318 1
7319 1
7320 2
7321 1
7322 1
7323 1
7324 2
7325 2
7326 2
7327 2
7328 1
7329 2
7330 1
7331 1
7332 1
7333 1
7334 1
7335 2
7336 2
7337 2
7338 1
7339 2
7340 2
7341 2
7342 1
7343 2
7344 1
7345 1
7346 2
7347 2
7348 1
7349 2
7350 2
7351 1
7352 2
7353 1
7354 1
7355 1
7356 1
7357 2
7358 2
7359 1
7360 2
7361 2
7362 2
7363 1
7364 2
7365 1
7366 2
7367 1
7368 1
7369 1
7370 2
7371 1
7372 1
7373 1
7374 2
7375 1
7376 2
7377 1
7378 1
7379 1
7380 2
7381 1
7382 2
7383 1
7384 1
7385 2
7386 1
7387 1
7388 2
7389 2
7390 2
7391 1
7392 1
7393 2
7394 1
7395 1
7396 1
7397 1
7398 2
7399 1
7400 1
7401 1
7402 2
7403 1
7404 1
7405 1
7406 1
7407 1
7408 2
7409 2
7410 2
7411 1
7412 1
7413 1
7414 2
7415 1
7416 1
7417 1
7418 1
7419 2
7420 2
7421 2
7422 1
7423 2
7424 2
7425 1
7426 1
7427 2
7428 2
7429 1
7430 2
7431 1
7432 2
7433 1
7434 2
7435 1
7436 1
7437 2
7438 2
7439 1
7440 1
7441 1
7442 1
7443 1
7444 2
7445 2
7446 2
7447 1
7448 2
7449 2
7450 2
7451 1
7452 2
7453 2
7454 1
7455 1
7456 1
7457 2
7458 1
7459 2
7460 1
7461 2
7462 1
7463 1
7464 1
7465 1
7466 1
7467 1
7468 1
7469 1
7470 2
7471 1
7472 1
7473 2
7474 2
7475 1
7476 1
7477 1
7478 2
7479 1
7480 1
7481 1
7482 2
7483 1
7484 1
7485 1
7486 1
7487 2
7488 1
7489 1
7490 1
7491 1
7492 1
7493 1
7494 2
7495 1
7496 2
7497 2
7498 1
7499 1
7500 2
7501 1
7502 2
7503 1
7504 2
7505 2
7506 1
7507 1
7508 1
7509 1
7510 1
7511 1
7512 1
7513 1
7514 1
7515 1
7516 2
7517 1
7518 2
7519 1
7520 1
7521 1
7522 2
7523 1
7524 1
7525 1
7526 1
7527 1
7528 1
7529 2
7530 2
7531 1
7532 1
7533 1
7534 2
7535 2
7536 2
7537 1
7538 1
7539 2
7540 1
7541 1
7542 1
7543 1
7544 1
7545 2
7546 2
7547 1
7548 1
7549 1
7550 1
7551 1
7552 1
7553 1
7554 1
7555 2
7556 1
7557 1
7558 2
7559 2
7560 2
7561 2
7562 2
7563 1
7564 1
7565 2
7566 2
7567 1
7568 1
7569 1
7570 1
7571 1
7572 1
7573 2
7574 2
7575 1
7576 2
7577 2
7578 2
7579 1
7580 1
7581 1
7582 2
7583 2
7584 1
7585 1
7586 2
7587 1
7588 2
7589 1
7590 1
7591 1
7592 2
7593 1
7594 1
7595 2
7596 1
7597 1
7598 2
7599 2
7600 1
7601 2
7602 2
7603 2
7604 1
7605 1
7606 2
7607 2
7608 1
7609 1
7610 2
7611 2
7612 2
7613 1
7614 1
7615 2
7616 1
7617 2
7618 1
7619 1
7620 1
7621 2
7622 1
7623 2
7624 1
7625 2
7626 1
7627 2
7628 1
7629 1
7630 1
7631 2
7632 2
7633 1
7634 2
7635 2
7636 2
7637 1
7638 1
7639 1
7640 2
7641 2
7642 2
7643 1
7644 2
7645 1
7646 2
7647 2
7648 1
7649 2
7650 2
7651 1
7652 2
7653 1
7654 1
7655 2
7656 1
7657 2
7658 2
7659 1
7660 1
7661 2
7662 1
7663 1
7664 2
7665 1
7666 1
7667 1
7668 1
7669 2
7670 2
7671 1
7672 1
7673 2
7674 2
7675 2
7676 1
7677 2
7678 2
7679 2
7680 1
7681 2
7682 1
7683 2
7684 2
7685 1
7686 1
7687 1
7688 1
7689 2
7690 2
7691 2
7692 2
7693 2
7694 2
7695 1
7696 1
7697 1
7698 1
7699 1
7700 1
7701 1
7702 1
7703 2
7704 1
7705 1
7706 2
7707 1
7708 2
7709 2
7710 1
7711 1
7712 1
7713 2
7714 2
7715 2
7716 1
7717 1
7718 1
7719 2
7720 1
7721 2
7722 2
7723 2
7724 1
7725 1
7726 1
7727 2
7728 2
7729 2
7730 1
7731 2
7732 1
7733 2
7734 2
7735 1
7736 2
7737 1
7738 2
7739 1
7740 2
7741 2
7742 1
7743 2
7744 1
7745 1
7746 1
7747 2
7748 2
7749 2
7750 2
7751 2
7752 1
7753 1
7754 1
7755 2
7756 1
7757 1
7758 1
7759 1
7760 1
7761 2
7762 2
7763 2
7764 2
7765 1
7766 1
7767 1
7768 2
7769 2
7770 2
7771 2
7772 1
7773 1
7774 1
7775 1
7776 2
7777 1
7778 1
7779 2
7780 2
7781 2
7782 1
7783 1
7784 2
7785 2
7786 2
7787 1
7788 2
7789 2
7790 1
7791 1
7792 2
7793 1
7794 2
7795 1
7796 2
7797 2
7798 1
7799 1
7800 1
7801 1
7802 2
7803 1
7804 1
7805 1
7806 2
7807 2
7808 2
7809 1
7810 2
7811 2
7812 1
7813 2
7814 1
7815 1
7816 2
7817 2
7818 1
7819 2
7820 1
7821 2
7822 1
7823 2
7824 1
7825 2
7826 2
7827 1
7828 2
7829 2
7830 1
7831 2
7832 1
7833 2
7834 1
7835 2
7836 1
7837 2
7838 2
7839 1
7840 2
7841 2
7842 1
7843 2
7844 1
7845 2
7846 2
7847 2
7848 1
7849 1
7850 1
7851 2
7852 1
7853 2
7854 1
7855 2
7856 2
7857 2
7858 1
7859 1
7860 1
7861 2
7862 1
7863 2
7864 2
7865 1
7866 2
7867 1
7868 2
7869 1
7870 2
7871 2
7872 1
7873 1
7874 1
7875 2
7876 1
7877 2
7878 1
7879 1
7880 2
7881 1
7882 2
7883 1
7884 1
7885 1
7886 1
7887 1
7888 2
7889 2
7890 1
7891 2
7892 2
7893 2
7894 1
7895 2
7896 1
7897 1
7898 1
7899 1
7900 1
7901 2
7902 1
7903 1
7904 2
7905 2
7906 1
7907 1
7908 2
7909 2
7910 2
7911 2
7912 1
7913 1
7914 1
7915 1
7916 2
7917 2
7918 2
7919 1
7920 2
7921 1
7922 1
7923 2
7924 1
7925 1
7926 2
7927 1
7928 1
7929 1
7930 2
7931 2
7932 1
7933 2
7934 1
7935 2
7936 1
7937 1
7938 1
7939 1
7940 2
7941 1
7942 1
7943 2
7944 1
7945 1
7946 2
7947 1
7948 2
7949 1
7950 2
7951 2
7952 2
7953 2
7954 2
7955 1
7956 2
7957 2
7958 1
7959 1
7960 1
7961 2
7962 2
7963 1
7964 2
7965 1
7966 2
7967 1
7968 1
7969 2
7970 2
7971 2
7972 2
7973 2
7974 2
7975 1
7976 2
7977 2
7978 1
7979 1
7980 2
7981 1
7982 1
7983 1
7984 2
7985 2
7986 1
7987 1
7988 2
7989 2
7990 2
7991 1
7992 2
7993 1
7994 2
7995 2
7996 1
7997 2
7998 2
7999 2
8000 1
8001 2
8002 2
8003 2
8004 1
8005 2
8006 1
8007 2
8008 1
8009 2
8010 1
8011 1
8012 1
8013 1
8014 2
8015 1
8016 1
8017 2
8018 1
8019 2
8020 1
8021 1
8022 1
8023 1
8024 2
8025 1
8026 2
8027 2
8028 1
8029 1
8030 1
8031 1
8032 2
8033 1
8034 1
8035 1
8036 1
8037 2
8038 2
8039 2
8040 1
8041 1
8042 1
8043 1
8044 1
8045 2
8046 1
8047 2
8048 1
8049 2
8050 1
8051 1
8052 2
8053 2
8054 1
8055 2
8056 1
8057 1
8058 1
8059 2
8060 2
8061 1
8062 2
8063 2
8064 2
8065 1
8066 2
8067 1
8068 2
8069 1
8070 2
8071 1
8072 1
8073 2
8074 2
8075 1
8076 1
8077 1
8078 2
8079 1
8080 2
8081 2
8082 1
8083 1
8084 1
8085 1
8086 1
8087 1
8088 2
8089 2
8090 1
8091 1
8092 2
8093 1
8094 1
8095 1
8096 1
8097 2
8098 1
8099 1
8100 2
8101 1
8102 2
8103 1
8104 1
8105 2
8106 1
8107 1
8108 2
8109 2
8110 1
8111 2
8112 2
8113 2
8114 2
8115 1
8116 2
8117 1
8118 1
8119 1
8120 1
8121 1
8122 1
8123 1
8124 2
8125 2
8126 1
8127 1
8128 1
8129 2
8130 2
8131 1
8132 2
8133 2
8134 1
8135 1
8136 2
8137 1
8138 1
8139 1
8140 1
8141 1
8142 2
8143 2
8144 2
8145 1
8146 1
8147 1
8148 2
8149 1
8150 2
8151 2
8152 2
8153 1
8154 1
8155 2
8156 2
8157 2
8158 1
8159 1
8160 1
8161 1
8162 1
8163 1
8164 2
8165 1
8166 1
8167 1
8168 2
8169 1
8170 1
8171 1
8172 1
8173 1
8174 2
8175 1
8176 2
8177 1
8178 2
8179 1
8180 1
8181 1
8182 1
8183 1
8184 1
8185 1
8186 2
8187 1
8188 1
8189 1
8190 1
8191 2
8192 1
8193 2
8194 2
8195 1
8196 1
8197 1
8198 1
8199 1
8200 2
8201 2
8202 1
8203 2
8204 1
8205 1
8206 2
8207 1
8208 2
8209 1
8210 1
8211 2
8212 1
8213 2
8214 2
8215 2
8216 1
8217 1
8218 2
8219 2
8220 2
8221 1
8222 2
8223 2
8224 1
8225 1
8226 1
8227 1
8228 2
8229 2
8230 2
8231 2
8232 2
8233 1
8234 1
8235 1
8236 1
8237 1
8238 1
8239 2
8240 1
8241 2
8242 2
8243 2
8244 1
8245 1
8246 2
8247 2
8248 2
8249 2
8250 2
8251 1
8252 1
8253 2
8254 1
8255 2
8256 1
8257 1
8258 2
8259 1
8260 1
8261 1
8262 1
8263 1
8264 1
8265 1
8266 1
8267 1
8268 1
8269 2
8270 2
8271 2
8272 1
8273 1
8274 2
8275 1
8276 1
8277 1
8278 2
8279 1
8280 1
8281 1
8282 2
8283 2
8284 2
8285 2
8286 2
8287 2
8288 1
8289 2
8290 2
8291 2
8292 2
8293 2
8294 1
8295 1
8296 1
8297 2
8298 1
8299 1
8300 2
8301 1
8302 1
8303 1
8304 2
8305 2
8306 1
8307 1
8308 2
8309 2
8310 1
8311 2
8312 1
8313 1
8314 1
8315 1
8316 2
8317 1
8318 1
8319 1
8320 1
8321 2
8322 1
8323 1
8324 2
8325 1
8326 1
8327 1
8328 1
8329 1
8330 2
8331 1
8332 1
8333 1
8334 1
8335 2
8336 1
8337 1
8338 2
8339 1
8340 2
8341 2
8342 1
8343 1
8344 2
8345 1
8346 2
8347 2
8348 1
8349 1
8350 1
8351 1
8352 1
8353 2
8354 1
8355 1
8356 1
8357 1
8358 2
8359 1
8360 1
8361 1
8362 2
8363 2
8364 2
8365 1
8366 2
8367 1
8368 2
8369 1
8370 1
8371 1
8372 2
8373 2
8374 2
8375 2
8376 1
8377 2
8378 1
8379 1
8380 1
8381 1
8382 2
8383 1
8384 1
8385 2
8386 1
8387 1
8388 1
8389 2
8390 2
8391 1
8392 2
8393 2
8394 2
8395 2
8396 2
8397 2
8398 2
8399 1
8400 1
8401 2
8402 2
8403 1
8404 2
8405 1
8406 1
8407 1
8408 2
8409 2
8410 1
8411 2
8412 1
8413 2
8414 2
8415 1
8416 1
8417 1
8418 1
8419 1
8420 2
8421 2
8422 1
8423 1
8424 1
8425 2
8426 1
8427 1
8428 2
8429 1
8430 1
8431 1
8432 1
8433 2
8434 2
8435 1
8436 2
8437 1
8438 2
8439 2
8440 1
8441 2
8442 1
8443 2
8444 2
8445 2
8446 1
8447 2
8448 1
8449 1
8450 1
8451 1
8452 1
8453 1
8454 2
8455 1
8456 2
8457 1
8458 1
8459 1
8460 1
8461 1
8462 2
8463 1
8464 1
8465 1
8466 2
8467 1
8468 1
8469 2
8470 1
8471 2
8472 2
8473 1
8474 1
8475 1
8476 1
8477 1
8478 1
8479 1
8480 2
8481 1
8482 2
8483 1
8484 1
8485 1
8486 2
8487 2
8488 1
8489 2
8490 1
8491 1
8492 1
8493 2
8494 1
8495 2
8496 1
8497 1
8498 2
8499 1
8500 2
8501 1
8502 2
8503 1
8504 2
8505 2
8506 1
8507 1
8508 2
8509 1
8510 2
8511 1
8512 1
8513 1
8514 1
8515 1
8516 2
8517 1
8518 1
8519 1
8520 1
8521 1
8522 2
8523 1
8524 1
8525 2
8526 1
8527 1
8528 1
8529 2
8530 2
8531 1
8532 1
8533 2
8534 2
8535 1
8536 1
8537 1
8538 1
8539 2
8540 1
8541 2
8542 1
8543 1
8544 1
8545 1
8546 1
8547 1
8548 2
8549 2
8550 2
8551 1
8552 1
8553 2
8554 2
8555 1
8556 2
8557 1
8558 1
8559 1
8560 1
8561 2
8562 2
8563 2
8564 1
8565 2
8566 1
8567 1
8568 2
8569 2
8570 2
8571 2
8572 2
8573 2
8574 1
8575 1
8576 2
8577 1
8578 2
8579 2
8580 1
8581 1
8582 2
8583 2
8584 1
8585 1
8586 1
8587 2
8588 2
8589 2
8590 2
8591 2
8592 2
8593 2
8594 2
8595 2
8596 1
8597 1
8598 1
8599 1
8600 2
8601 1
8602 1
8603 2
8604 2
8605 2
8606 1
8607 2
8608 2
8609 1
8610 1
8611 1
8612 1
8613 1
8614 1
8615 1
8616 1
8617 1
8618 2
8619 2
8620 2
8621 1
8622 2
8623 2
8624 1
8625 2
8626 1
8627 2
8628 1
8629 1
8630 1
8631 1
8632 1
8633 2
8634 1
8635 2
8636 2
8637 1
8638 1
8639 2
8640 1
8641 2
8642 1
8643 1
8644 1
8645 1
8646 2
8647 1
8648 2
8649 1
8650 1
8651 1
8652 2
8653 2
8654 1
8655 1
8656 2
8657 2
8658 1
8659 1
8660 1
8661 1
8662 2
8663 1
8664 1
8665 1
8666 1
8667 1
8668 1
8669 1
8670 1
8671 1
8672 1
8673 2
8674 2
8675 2
8676 1
8677 2
8678 2
8679 1
8680 1
8681 1
8682 2
8683 1
8684 2
8685 2
8686 1
8687 1
8688 1
8689 1
8690 1
8691 2
8692 1
8693 2
8694 2
8695 1
8696 1
8697 2
8698 2
8699 1
8700 2
8701 2
8702 2
8703 2
8704 2
8705 2
8706 1
8707 1
8708 1
8709 2
8710 1
8711 1
8712 2
8713 1
8714 1
8715 2
8716 1
8717 1
8718 1
8719 1
8720 2
8721 1
8722 2
8723 1
8724 1
8725 2
8726 2
8727 1
8728 2
8729 2
8730 1
8731 1
8732 2
8733 2
8734 1
8735 1
8736 2
8737 2
8738 1
8739 1
8740 1
8741 1
8742 2
8743 1
8744 1
8745 1
8746 1
8747 1
8748 2
8749 1
8750 1
8751 1
8752 1
8753 2
8754 2
8755 2
8756 1
8757 2
8758 1
8759 1
8760 2
8761 2
8762 2
8763 2
8764 1
8765 2
8766 1
8767 1
8768 2
8769 1
8770 1
8771 2
8772 1
8773 2
8774 1
8775 2
8776 2
8777 2
8778 1
8779 1
8780 2
8781 2
8782 1
8783 1
8784 1
8785 2
8786 1
8787 2
8788 1
8789 2
8790 1
8791 1
8792 2
8793 2
8794 2
8795 1
8796 2
8797 2
8798 1
8799 1
8800 1
8801 2
8802 2
8803 2
8804 1
8805 2
8806 2
8807 1
8808 1
8809 1
8810 2
8811 2
8812 2
8813 2
8814 1
8815 1
8816 1
8817 1
8818 2
8819 1
8820 1
8821 1
8822 1
8823 1
8824 2
8825 2
8826 1
8827 2
8828 1
8829 2
8830 1
8831 1
8832 1
8833 2
8834 1
8835 2
8836 2
8837 1
8838 2
8839 1
8840 2
8841 1
8842 2
8843 2
8844 1
8845 2
8846 1
8847 2
8848 1
8849 2
8850 1
8851 2
8852 1
8853 1
8854 1
8855 2
8856 2
8857 1
8858 2
8859 2
8860 1
8861 2
8862 2
8863 1
8864 2
8865 1
8866 2
8867 2
8868 1
8869 1
8870 2
8871 1
8872 1
8873 1
8874 2
8875 1
8876 2
8877 2
8878 1
8879 2
8880 1
8881 2
8882 2
8883 2
8884 1
8885 2
8886 2
8887 1
8888 2
8889 2
8890 2
8891 2
8892 1
8893 2
8894 2
8895 2
8896 2
8897 1
8898 1
8899 2
8900 2
8901 1
8902 1
8903 1
8904 2
8905 1
8906 2
8907 1
8908 1
8909 2
8910 2
8911 1
8912 1
8913 2
8914 1
8915 1
8916 2
8917 1
8918 2
8919 2
8920 1
8921 2
8922 1
8923 2
8924 2
8925 1
8926 2
8927 2
8928 2
8929 2
8930 1
8931 1
8932 1
8933 1
8934 1
8935 2
8936 2
8937 1
8938 2
8939 2
8940 1
8941 2
8942 2
8943 2
8944 2
8945 2
8946 1
8947 1
8948 2
8949 1
8950 1
8951 1
8952 2
8953 2
8954 1
8955 1
8956 1
8957 1
8958 2
8959 1
8960 1
8961 1
8962 1
8963 2
8964 2
8965 2
8966 1
8967 2
8968 1
8969 1
8970 2
8971 1
8972 2
8973 2
8974 2
8975 2
8976 2
8977 1
8978 2
8979 2
8980 1
8981 1
8982 1
8983 1
8984 2
8985 2
8986 1
8987 2
8988 1
8989 1
8990 1
8991 2
8992 1
8993 1
8994 2
8995 1
8996 1
8997 2
8998 1
8999 2
9000 1
9001 1
9002 1
9003 2
9004 1
9005 1
9006 1
9007 2
9008 1
9009 2
9010 2
9011 1
9012 1
9013 2
9014 2
9015 2
9016 1
9017 2
9018 1
9019 2
9020 1
9021 1
9022 1
9023 2
9024 1
9025 2
9026 1
9027 2
9028 1
9029 1
9030 2
9031 2
9032 1
9033 1
9034 1
9035 1
9036 1
9037 1
9038 1
9039 1
9040 2
9041 2
9042 1
9043 2
9044 2
9045 1
9046 1
9047 1
9048 1
9049 1
9050 1
9051 2
9052 2
9053 1
9054 2
9055 2
9056 2
9057 2
9058 2
9059 1
9060 2
9061 1
9062 2
9063 1
9064 2
9065 2
9066 2
9067 2
9068 2
9069 1
9070 1
9071 1
9072 1
9073 2
9074 1
9075 1
9076 2
9077 2
9078 2
9079 2
9080 2
9081 2
9082 2
9083 2
9084 2
9085 2
9086 2
9087 2
9088 2
9089 2
9090 1
9091 2
9092 2
9093 1
9094 1
9095 1
9096 1
9097 2
9098 2
9099 2
9100 1
9101 2
9102 2
9103 1
9104 2
9105 2
9106 2
9107 2
9108 2
9109 2
9110 1
9111 1
9112 2
9113 1
9114 2
9115 1
9116 1
9117 1
9118 1
9119 2
9120 1
9121 2
9122 1
9123 1
9124 1
9125 1
9126 2
9127 1
9128 2
9129 2
9130 2
9131 2
9132 1
9133 2
9134 2
9135 2
9136 1
9137 2
9138 1
9139 1
9140 1
9141 1
9142 2
9143 1
9144 1
9145 1
9146 1
9147 1
9148 1
9149 2
9150 1
9151 1
9152 2
9153 2
9154 2
9155 1
9156 1
9157 1
9158 2
9159 2
9160 1
9161 1
9162 2
9163 2
9164 2
9165 1
9166 1
9167 2
9168 1
9169 2
9170 2
9171 2
9172 1
9173 2
9174 2
9175 2
9176 2
9177 1
9178 2
9179 1
9180 1
9181 2
9182 1
9183 1
9184 2
9185 2
9186 2
9187 1
9188 2
9189 1
9190 2
9191 2
9192 1
9193 1
9194 2
9195 2
9196 1
9197 1
9198 1
9199 1
9200 1
9201 2
9202 1
9203 1
9204 2
9205 2
9206 1
9207 1
9208 2
9209 2
9210 2
9211 2
9212 1
9213 1
9214 1
9215 1
9216 2
9217 1
9218 1
9219 1
9220 2
9221 2
9222 2
9223 2
9224 2
9225 1
9226 2
9227 2
9228 1
9229 1
9230 1
9231 1
9232 1
9233 2
9234 1
9235 1
9236 1
9237 1
9238 1
9239 2
9240 1
9241 1
9242 2
9243 1
9244 2
9245 2
9246 1
9247 1
9248 2
9249 1
9250 1
9251 1
9252 2
9253 1
9254 1
9255 2
9256 2
9257 1
9258 1
9259 2
9260 1
9261 1
9262 2
9263 2
9264 2
9265 2
9266 1
9267 1
9268 1
9269 2
9270 2
9271 1
9272 2
9273 1
9274 1
9275 2
9276 1
9277 2
9278 2
9279 1
9280 1
9281 2
9282 2
9283 2
9284 2
9285 2
9286 1
9287 1
9288 2
9289 1
9290 1
9291 1
9292 1
9293 2
9294 2
9295 2
9296 1
9297 1
9298 2
9299 1
9300 1
9301 2
9302 2
9303 1
9304 2
9305 1
9306 1
9307 1
9308 2
9309 1
9310 1
9311 1
9312 1
9313 2
9314 2
9315 2
9316 1
9317 2
9318 2
9319 2
9320 2
9321 2
9322 2
9323 1
9324 2
9325 2
9326 2
9327 2
9328 1
9329 2
9330 2
9331 2
9332 1
9333 2
9334 1
9335 2
9336 1
9337 2
9338 2
9339 1
9340 1
9341 1
9342 1
9343 2
9344 2
9345 1
9346 2
9347 1
9348 2
9349 1
9350 2
9351 2
9352 2
9353 2
9354 2
9355 1
9356 1
9357 1
9358 1
9359 1
9360 2
9361 1
9362 1
9363 2
9364 2
9365 1
9366 2
9367 1
9368 1
9369 2
9370 2
9371 1
9372 1
9373 1
9374 2
9375 1
9376 2
9377 1
9378 2
9379 2
9380 1
9381 2
9382 1
9383 1
9384 2
9385 2
9386 1
9387 1
9388 1
9389 2
9390 2
9391 2
9392 1
9393 2
9394 1
9395 1
9396 1
9397 1
9398 1
9399 2
9400 2
9401 1
9402 1
9403 2
9404 2
9405 2
9406 2
9407 1
9408 1
9409 1
9410 1
9411 1
9412 2
9413 2
9414 2
9415 1
9416 1
9417 2
9418 1
9419 1
9420 1
9421 1
9422 2
9423 2
9424 2
9425 2
9426 2
9427 1
9428 1
9429 1
9430 1
9431 2
9432 1
9433 2
9434 2
9435 1
9436 2
9437 2
9438 1
9439 1
9440 2
9441 2
9442 1
9443 1
9444 1
9445 1
9446 1
9447 1
9448 2
9449 1
9450 2
9451 1
9452 2
9453 1
9454 2
9455 2
9456 1
9457 2
9458 1
9459 1
9460 1
9461 1
9462 1
9463 1
9464 1
9465 2
9466 2
9467 1
9468 1
9469 1
9470 1
9471 1
9472 2
9473 1
9474 1
9475 1
9476 2
9477 1
9478 1
9479 1
9480 2
9481 2
9482 1
9483 2
9484 1
9485 1
9486 1
9487 1
9488 1
9489 1
9490 1
9491 2
9492 1
9493 1
9494 1
9495 2
9496 1
9497 1
9498 1
9499 2
9500 2
9501 2
9502 2
9503 1
9504 2
9505 2
9506 1
9507 2
9508 2
9509 2
9510 1
9511 1
9512 1
9513 2
9514 2
9515 2
9516 1
9517 1
9518 2
9519 1
9520 2
9521 2
9522 2
9523 2
9524 2
9525 1
9526 2
9527 1
9528 2
9529 2
9530 2
9531 1
9532 1
9533 1
9534 1
9535 1
9536 2
9537 1
9538 1
9539 1
9540 2
9541 1
9542 2
9543 1
9544 2
9545 1
9546 1
9547 2
9548 1
9549 1
9550 2
9551 2
9552 1
9553 1
9554 1
9555 2
9556 1
9557 2
9558 2
9559 2
9560 2
9561 2
9562 2
9563 1
9564 1
9565 2
9566 2
9567 1
9568 1
9569 2
9570 1
9571 1
9572 1
9573 2
9574 1
9575 2
9576 1
9577 1
9578 1
9579 1
9580 1
9581 2
9582 2
9583 2
9584 1
9585 1
9586 1
9587 1
9588 2
9589 2
9590 2
9591 1
9592 1
9593 2
9594 1
9595 1
9596 2
9597 2
9598 1
9599 2
9600 1
9601 2
9602 2
9603 1
9604 1
9605 1
9606 1
9607 2
9608 1
9609 1
9610 2
9611 2
9612 2
9613 2
9614 2
9615 1
9616 2
9617 2
9618 1
9619 1
9620 2
9621 1
9622 2
9623 1
9624 1
9625 1
9626 1
9627 1
9628 2
9629 2
9630 1
9631 1
9632 1
9633 2
9634 1
9635 1
9636 1
9637 1
9638 1
9639 2
9640 2
9641 1
9642 2
9643 1
9644 1
9645 1
9646 1
9647 2
9648 1
9649 1
9650 2
9651 1
9652 2
9653 2
9654 1
9655 1
9656 2
9657 1
9658 1
9659 1
9660 2
9661 1
9662 1
9663 1
9664 2
9665 1
9666 2
9667 2
9668 1
9669 2
9670 2
9671 1
9672 1
9673 1
9674 1
9675 1
9676 1
9677 1
9678 1
9679 2
9680 1
9681 1
9682 2
9683 1
9684 1
9685 1
9686 2
9687 1
9688 1
9689 2
9690 2
9691 1
9692 1
9693 2
9694 1
9695 2
9696 1
9697 1
9698 2
9699 2
9700 2
9701 2
9702 1
9703 2
9704 2
9705 2
9706 1
9707 2
9708 1
9709 1
9710 1
9711 1
9712 1
9713 1
9714 1
9715 2
9716 1
9717 2
9718 1
9719 1
9720 1
9721 2
9722 2
9723 1
9724 2
9725 1
9726 1
9727 1
9728 1
9729 1
9730 1
9731 1
9732 2
9733 2
9734 1
9735 1
9736 2
9737 1
9738 2
9739 2
9740 2
9741 1
9742 1
9743 1
9744 2
9745 1
9746 1
9747 1
9748 1
9749 2
9750 1
9751 2
9752 1
9753 2
9754 1
9755 1
9756 1
9757 1
9758 1
9759 2
9760 1
9761 2
9762 1
9763 2
9764 1
9765 1
9766 1
9767 1
9768 2
9769 1
9770 1
9771 1
9772 1
9773 2
9774 2
9775 1
9776 2
9777 1
9778 2
9779 1
9780 1
9781 1
9782 2
9783 1
9784 1
9785 1
9786 2
9787 1
9788 1
9789 2
9790 2
9791 1
9792 1
9793 1
9794 1
9795 2
9796 1
9797 1
9798 2
9799 2
9800 2
9801 2
9802 2
9803 2
9804 1
9805 2
9806 1
9807 2
9808 1
9809 1
9810 1
9811 1
9812 2
9813 2
9814 1
9815 1
9816 1
9817 2
9818 2
9819 1
9820 1
9821 2
9822 1
9823 1
9824 2
9825 1
9826 1
9827 1
9828 2
9829 1
9830 2
9831 2
9832 2
9833 2
9834 2
9835 1
9836 2
9837 1
9838 1
9839 1
9840 2
9841 2
9842 1
9843 2
9844 2
9845 1
9846 2
9847 1
9848 2
9849 1
9850 1
9851 2
9852 1
9853 2
9854 2
9855 1
9856 1
9857 1
9858 1
9859 2
9860 1
9861 1
9862 2
9863 1
9864 1
9865 1
9866 1
9867 2
9868 1
9869 2
9870 2
9871 1
9872 1
9873 1
9874 1
9875 1
9876 2
9877 1
9878 1
9879 1
9880 1
9881 1
9882 1
9883 1
9884 2
9885 1
9886 2
9887 1
9888 1
9889 2
9890 2
9891 1
9892 2
9893 1
9894 1
9895 1
9896 2
9897 1
9898 2
9899 1
9900 2
9901 1
9902 1
9903 2
9904 1
9905 1
9906 2
9907 2
9908 1
9909 2
9910 1
9911 1
9912 2
9913 2
9914 2
9915 1
9916 1
9917 2
9918 1
9919 1
9920 2
9921 2
9922 2
9923 2
9924 2
9925 1
9926 2
9927 1
9928 2
9929 2
9930 1
9931 2
9932 2
9933 1
9934 1
9935 2
9936 2
9937 1
9938 1
9939 1
9940 1
9941 2
9942 2
9943 1
9944 2
9945 1
9946 1
9947 1
9948 2
9949 1
9950 2
9951 2
9952 2
9953 2
9954 1
9955 2
9956 2
9957 1
9958 1
9959 1
9960 2
9961 1
9962 2
9963 1
9964 1
9965 1
9966 2
9967 1
9968 1
9969 1
9970 2
9971 2
9972 1
9973 1
9974 1
9975 2
9976 2
9977 2
9978 2
9979 1
9980 2
9981 1
9982 1
9983 1
9984 1
9985 1
9986 2
9987 2
9988 2
9989 2
9990 1
9991 2
9992 1
9993 2
9994 2
9995 1
9996 1
9997 2
9998 1
9999 2
10000 1
