1 2
2 1
3 2
4 1
5 1
6 1
7 1
8 1
9 1
10 2
11 1
12 2
13 1
14 2
15 1
16 1
17 1
18 1
19 2
20 1
21 2
22 1
23 2
24 1
25 2
26 1
27 1
28 2
29 2
30 1
31 1
32 1
33 2
34 1
35 2
36 1
37 2
38 2
39 2
40 1
41 1
42 1
43 1
44 2
45 2
46 1
47 2
48 1
49 2
50 2
51 2
52 2
53 2
54 2
55 1
56 1
57 1
58 1
59 1
60 2
61 1
62 2
63 1
64 2
65 1
66 1
67 2
68 1
69 2
70 1
71 2
72 1
73 1
74 1
75 2
76 1
77 2
78 2
79 2
80 1
81 1
82 2
83 1
84 2
85 1
86 1
87 1
88 1
89 1
90 2
91 1
92 1
93 1
94 1
95 1
96 2
97 1
98 1
99 2
100 1
101 1
102 1
103 1
104 1
105 2
106 2
107 1
108 2
109 1
110 1
111 1
112 2
113 2
114 2
115 1
116 1
117 1
118 1
119 1
120 1
121 2
122 2
123 2
124 2
125 2
126 1
127 2
128 1
129 1
130 2
131 1
132 1
133 2
134 2
135 2
136 1
137 1
138 1
139 2
140 1
141 2
142 2
143 1
144 2
145 2
146 2
147 1
148 2
149 1
150 2
151 1
152 2
153 2
154 2
155 2
156 2
157 1
158 1
159 1
160 2
161 2
162 1
163 1
164 1
165 1
166 2
167 1
168 2
169 2
170 2
171 1
172 1
173 1
174 2
175 2
176 1
177 1
178 2
179 1
180 1
181 2
182 1
183 1
184 1
185 1
186 1
187 1
188 1
189 1
190 2
191 1
192 2
193 2
194 1
195 1
196 1
197 1
198 1
199 1
200 1
201 2
202 2
203 2
204 2
205 2
206 2
207 2
208 1
209 1
210 1
211 2
212 1
213 2
214 1
215 2
216 1
217 2
218 2
219 2
220 1
221 2
222 1
223 2
224 2
225 1
226 1
227 1
228 1
229 2
230 2
231 2
232 1
233 2
234 1
235 1
236 1
237 1
238 2
239 1
240 2
241 1
242 1
243 1
244 2
245 2
246 1
247 2
248 1
249 1
250 1
251 1
252 1
253 2
254 1
255 1
256 1
257 1
258 2
259 2
260 2
261 2
262 2
263 2
264 2
265 1
266 1
267 1
268 1
269 2
270 1
271 1
272 1
273 1
274 1
275 2
276 2
277 1
278 2
279 2
280 1
281 1
282 1
283 1
284 1
285 1
286 2
287 1
288 1
289 1
290 1
291 1
292 1
293 1
294 1
295 2
296 1
297 2
298 1
299 2
300 1
301 2
302 2
303 1
304 2
305 1
306 1
307 1
308 1
309 1
310 1
311 1
312 2
313 1
314 2
315 1
316 1
317 1
318 1
319 2
320 1
321 1
322 1
323 2
324 2
325 2
326 1
327 2
328 1
329 2
330 1
331 1
332 2
333 2
334 2
335 1
336 1
337 1
338 1
339 1
340 1
341 1
342 1
343 2
344 1
345 1
346 1
347 1
348 2
349 1
350 1
351 2
352 1
353 1
354 1
355 1
356 1
357 2
358 1
359 1
360 2
361 2
362 1
363 1
364 1
365 2
366 2
367 1
368 1
369 2
370 1
371 1
372 1
373 1
374 1
375 1
376 2
377 2
378 2
379 1
380 2
381 1
382 1
383 2
384 2
385 1
386 2
387 1
388 1
389 2
390 1
391 2
392 2
393 2
394 2
395 2
396 1
397 2
398 2
399 2
400 1
401 1
402 1
403 1
404 2
405 1
406 2
407 2
408 1
409 1
410 2
411 1
412 1
413 2
414 1
415 1
416 2
417 1
418 1
419 2
420 1
421 2
422 1
423 1
424 2
425 1
426 1
427 2
428 2
429 2
430 1
431 1
432 2
433 2
434 1
435 1
436 2
437 1
438 1
439 1
440 2
441 1
442 2
443 1
444 2
445 2
446 1
447 2
448 2
449 2
450 1
451 1
452 2
453 1
454 1
455 2
456 2
457 2
458 2
459 1
460 1
461 2
462 1
463 1
464 1
465 1
466 1
467 1
468 1
469 2
470 1
471 2
472 1
473 2
474 2
475 2
476 1
477 1
478 2
479 2
480 2
481 1
482 1
483 2
484 1
485 1
486 2
487 1
488 1
489 2
490 1
491 1
492 2
493 1
494 2
495 1
496 2
497 1
498 1
499 1
500 1
501 1
502 1
503 1
504 2
505 1
506 2
507 1
508 2
509 1
510 2
511 1
512 1
513 1
514 1
515 2
516 1
517 1
518 1
519 1
520 1
521 2
522 1
523 1
524 1
525 2
526 1
527 1
528 1
529 2
530 2
531 1
532 1
533 1
534 1
535 2
536 1
537 1
538 1
539 1
540 1
541 2
542 1
543 2
544 1
545 2
546 2
547 2
548 1
549 1
550 1
551 1
552 1
553 2
554 1
555 1
556 1
557 1
558 2
559 2
560 1
561 2
562 1
563 2
564 1
565 1
566 2
567 1
568 2
569 2
570 1
571 1
572 1
573 2
574 2
575 1
576 1
577 2
578 2
579 1
580 2
581 1
582 2
583 2
584 1
585 2
586 1
587 2
588 2
589 2
590 2
591 1
592 1
593 1
594 2
595 1
596 2
597 1
598 1
599 2
600 1
601 1
602 1
603 2
604 2
605 1
606 1
607 1
608 1
609 1
610 2
611 1
612 1
613 1
614 1
615 2
616 1
617 2
618 1
619 1
620 1
621 1
622 1
623 2
624 1
625 2
626 1
627 2
628 2
629 1
630 1
631 1
632 1
633 1
634 2
635 1
636 1
637 1
638 1
639 2
640 1
641 2
642 2
643 1
644 2
645 2
646 2
647 1
648 2
649 1
650 2
651 1
652 2
653 2
654 1
655 1
656 2
657 2
658 2
659 1
660 2
661 1
662 2
663 1
664 2
665 1
666 2
667 2
668 2
669 1
670 2
671 2
672 1
673 1
674 2
675 1
676 2
677 2
678 2
679 2
680 2
681 2
682 1
683 2
684 2
685 2
686 1
687 1
688 2
689 1
690 2
691 2
692 2
693 2
694 2
695 2
696 2
697 2
698 2
699 1
700 1
701 2
702 2
703 1
704 2
705 2
706 2
707 1
708 1
709 2
710 1
711 1
712 2
713 2
714 2
715 1
716 1
717 1
718 1
719 2
720 2
721 1
722 1
723 1
724 2
725 1
726 1
727 1
728 2
729 2
730 1
731 2
732 2
733 1
734 2
735 2
736 2
737 2
738 2
739 2
740 2
741 2
742 1
743 1
744 1
745 2
746 2
747 1
748 2
749 2
750 2
751 2
752 1
753 1
754 1
755 2
756 1
757 1
758 2
759 2
760 1
761 1
762 1
763 2
764 2
765 2
766 2
767 2
768 1
769 1
770 1
771 2
772 1
773 1
774 1
775 1
776 2
777 1
778 1
779 2
780 1
781 2
782 2
783 1
784 2
785 1
786 2
787 2
788 2
789 1
790 2
791 2
792 1
793 1
794 1
795 2
796 2
797 1
798 1
799 1
800 2
801 1
802 2
803 2
804 1
805 1
806 1
807 1
808 1
809 1
810 1
811 1
812 2
813 1
814 1
815 1
816 2
817 2
818 1
819 1
820 1
821 2
822 2
823 1
824 2
825 2
826 2
827 1
828 1
829 1
830 2
831 1
832 2
833 1
834 1
835 1
836 1
837 1
838 2
839 1
840 2
841 1
842 2
843 2
844 2
845 2
846 2
847 2
848 2
849 2
850 2
851 1
852 1
853 1
854 2
855 2
856 1
857 1
858 2
859 1
860 2
861 1
862 1
863 2
864 2
865 2
866 1
867 2
868 2
869 1
870 1
871 2
872 2
873 2
874 2
875 2
876 1
877 1
878 2
879 2
880 1
881 2
882 2
883 1
884 2
885 2
886 2
887 2
888 1
889 1
890 2
891 1
892 1
893 2
894 1
895 2
896 2
897 1
898 1
899 2
900 2
901 1
902 1
903 1
904 2
905 1
906 1
907 1
908 1
909 2
910 2
911 1
912 1
913 2
914 2
915 1
916 2
917 1
918 2
919 2
920 1
921 2
922 1
923 2
924 1
925 1
926 1
927 1
928 1
929 2
930 2
931 1
932 2
933 2
934 1
935 1
936 1
937 1
938 1
939 1
940 2
941 1
942 1
943 1
944 1
945 1
946 2
947 1
948 1
949 2
950 1
951 1
952 1
953 2
954 1
955 1
956 1
957 2
958 1
959 1
960 2
961 2
962 1
963 1
964 1
965 1
966 1
967 2
968 2
969 2
970 2
971 1
972 1
973 2
974 1
975 1
976 1
977 1
978 1
979 2
980 1
981 1
982 1
983 2
984 1
985 2
986 2
987 1
988 1
989 2
990 2
991 1
992 1
993 2
994 1
995 2
996 1
997 1
998 1
999 2
1000 1
1001 1
1002 2
1003 1
1004 1
1005 1
1006 1
1007 1
1008 2
1009 1
1010 2
1011 2
1012 1
1013 1
1014 1
1015 1
1016 2
1017 2
1018 2
1019 1
1020 1
1021 1
1022 1
1023 1
1024 2
1025 1
1026 2
1027 2
1028 2
1029 2
1030 1
1031 1
1032 1
1033 1
1034 2
1035 1
1036 2
1037 2
1038 1
1039 1
1040 1
1041 2
1042 2
1043 2
1044 2
1045 2
1046 1
1047 2
1048 2
1049 2
1050 2
1051 2
1052 1
1053 2
1054 1
1055 1
1056 1
1057 1
1058 2
1059 2
1060 1
1061 2
1062 1
1063 2
1064 2
1065 1
1066 1
1067 2
1068 1
1069 1
1070 1
1071 1
1072 2
1073 1
1074 1
1075 2
1076 2
1077 1
1078 1
1079 2
1080 1
1081 1
1082 2
1083 1
1084 1
1085 2
1086 1
1087 1
1088 2
1089 2
1090 2
1091 1
1092 2
1093 1
1094 1
1095 1
1096 1
1097 2
1098 1
1099 2
1100 2
1101 2
1102 1
1103 1
1104 1
1105 1
1106 2
1107 2
1108 2
1109 2
1110 1
1111 1
1112 1
1113 1
1114 2
1115 1
1116 1
1117 1
1118 1
1119 1
1120 2
1121 2
1122 1
1123 2
1124 1
1125 2
1126 1
1127 1
1128 2
1129 2
1130 2
1131 1
1132 2
1133 1
1134 1
1135 2
1136 1
1137 2
1138 2
1139 1
1140 2
1141 2
1142 1
1143 1
1144 1
1145 1
1146 1
1147 2
1148 2
1149 1
1150 1
1151 2
1152 2
1153 1
1154 2
1155 1
1156 2
1157 2
1158 2
1159 1
1160 1
1161 1
1162 2
1163 1
1164 2
1165 1
1166 1
1167 1
1168 1
1169 1
1170 2
1171 1
1172 1
1173 1
1174 2
1175 1
1176 1
1177 2
1178 1
1179 1
1180 1
1181 2
1182 2
1183 1
1184 1
1185 2
1186 1
1187 2
1188 2
1189 2
1190 2
1191 2
1192 1
1193 2
1194 1
1195 1
1196 2
1197 1
1198 2
1199 2
1200 1
1201 1
1202 2
1203 1
1204 1
1205 1
1206 2
1207 1
1208 2
1209 1
1210 1
1211 1
1212 1
1213 1
1214 1
1215 2
1216 1
1217 1
1218 2
1219 1
1220 1
1221 1
1222 1
1223 2
1224 1
1225 1
1226 2
1227 2
1228 1
1229 1
1230 1
1231 1
1232 1
1233 2
1234 1
1235 1
1236 1
1237 1
1238 2
1239 1
1240 1
1241 1
1242 2
1243 1
1244 1
1245 2
1246 2
1247 2
1248 1
1249 1
1250 1
1251 1
1252 1
1253 1
1254 1
1255 1
1256 1
1257 1
1258 2
1259 1
1260 2
1261 1
1262 1
1263 1
1264 2
1265 1
1266 1
1267 1
1268 2
1269 2
1270 2
1271 2
1272 1
1273 2
1274 2
1275 1
1276 2
1277 1
1278 2
1279 1
1280 2
1281 2
1282 2
1283 1
1284 1
1285 2
1286 1
1287 2
1288 2
1289 2
1290 1
1291 2
1292 1
1293 2
1294 2
1295 1
1296 2
1297 2
1298 1
1299 1
1300 2
1301 2
1302 2
1303 2
1304 1
1305 2
1306 1
1307 2
1308 1
1309 2
1310 2
1311 1
1312 2
1313 2
1314 2
1315 1
1316 2
1317 1
1318 1
1319 1
1320 2
1321 1
1322 1
1323 1
1324 2
1325 1
1326 1
1327 2
1328 1
1329 1
1330 2
1331 1
1332 2
1333 1
1334 1
1335 1
1336 1
1337 2
1338 2
1339 2
1340 1
1341 1
1342 1
1343 2
1344 1
1345 1
1346 1
1347 1
1348 2
1349 1
1350 2
1351 1
1352 2
1353 1
1354 2
1355 1
1356 1
1357 1
1358 2
1359 1
1360 1
1361 1
1362 2
1363 1
1364 1
1365 2
1366 2
1367 2
1368 1
1369 1
1370 1
1371 1
1372 2
1373 2
1374 1
1375 1
1376 1
1377 2
1378 1
1379 1
1380 1
1381 2
1382 2
1383 2
1384 1
1385 2
1386 1
1387 2
1388 1
1389 1
1390 1
1391 1
1392 1
1393 2
1394 2
1395 1
1396 1
1397 1
1398 1
1399 1
1400 1
1401 2
1402 1
1403 2
1404 1
1405 2
1406 1
1407 1
1408 1
1409 1
1410 1
1411 2
1412 2
1413 1
1414 1
1415 1
1416 2
1417 2
1418 2
1419 1
1420 1
1421 2
1422 1
1423 1
1424 1
1425 1
1426 2
1427 1
1428 2
1429 1
1430 1
1431 2
1432 1
1433 1
1434 1
1435 1
1436 2
1437 1
1438 2
1439 2
1440 1
1441 1
1442 1
1443 2
1444 2
1445 1
1446 1
1447 2
1448 2
1449 2
1450 1
1451 1
1452 2
1453 2
1454 1
1455 2
1456 2
1457 2
1458 2
1459 2
1460 1
1461 2
1462 1
1463 1
1464 2
1465 1
1466 1
1467 1
1468 1
1469 2
1470 1
1471 1
1472 2
1473 2
1474 2
1475 1
1476 1
1477 1
1478 2
1479 2
1480 2
1481 2
1482 1
1483 1
1484 1
1485 1
1486 1
1487 1
1488 1
1489 1
1490 1
1491 1
1492 1
1493 1
1494 2
1495 1
1496 2
1497 2
1498 1
1499 1
1500 2
1501 2
1502 1
1503 1
1504 1
1505 2
1506 1
1507 1
1508 1
1509 1
1510 1
1511 2
1512 2
1513 2
1514 1
1515 2
1516 2
1517 1
1518 1
1519 2
1520 1
1521 1
1522 2
1523 2
1524 1
1525 1
1526 2
1527 1
1528 1
1529 1
1530 1
1531 1
1532 2
1533 2
1534 2
1535 1
1536 2
1537 1
1538 2
1539 2
1540 2
1541 2
1542 2
1543 2
1544 2
1545 2
1546 1
1547 1
1548 1
1549 1
1550 1
1551 1
1552 2
1553 1
1554 2
1555 1
1556 2
1557 1
1558 2
1559 1
1560 1
1561 2
1562 1
1563 2
1564 1
1565 2
1566 2
1567 1
1568 1
1569 1
1570 1
1571 1
1572 2
1573 1
1574 1
1575 2
1576 1
1577 2
1578 1
1579 2
1580 2
1581 2
1582 1
1583 2
1584 2
1585 2
1586 2
1587 2
1588 1
1589 2
1590 2
1591 2
1592 2
1593 1
1594 1
1595 1
1596 2
1597 1
1598 1
1599 2
1600 1
1601 1
1602 1
1603 2
1604 2
1605 1
1606 1
1607 2
1608 2
1609 2
1610 2
1611 1
1612 2
1613 2
1614 1
1615 2
1616 1
1617 1
1618 2
1619 2
1620 2
1621 1
1622 2
1623 1
1624 1
1625 1
1626 1
1627 1
1628 2
1629 1
1630 2
1631 2
1632 2
1633 1
1634 1
1635 1
1636 2
1637 2
1638 2
1639 1
1640 2
1641 1
1642 2
1643 2
1644 1
1645 1
1646 2
1647 2
1648 1
1649 1
1650 2
1651 1
1652 1
1653 1
1654 1
1655 2
1656 1
1657 1
1658 2
1659 2
1660 1
1661 1
1662 2
1663 2
1664 2
1665 1
1666 2
1667 1
1668 2
1669 1
1670 1
1671 1
1672 2
1673 1
1674 2
1675 2
1676 2
1677 1
1678 1
1679 2
1680 1
1681 2
1682 1
1683 2
1684 1
1685 1
1686 1
1687 1
1688 1
1689 2
1690 1
1691 2
1692 1
1693 1
1694 1
1695 1
1696 2
1697 2
1698 2
1699 2
1700 2
1701 2
1702 1
1703 1
1704 2
1705 1
1706 2
1707 2
1708 1
1709 1
1710 2
1711 2
1712 1
1713 1
1714 2
1715 2
1716 2
1717 2
1718 1
1719 2
1720 1
1721 2
1722 2
1723 1
1724 2
1725 1
1726 2
1727 2
1728 1
1729 2
1730 1
1731 1
1732 2
1733 2
1734 1
1735 1
1736 2
1737 2
1738 1
1739 2
1740 2
1741 1
1742 2
1743 1
1744 1
1745 1
1746 1
1747 1
1748 2
1749 2
1750 2
1751 1
1752 2
1753 2
1754 1
1755 1
1756 1
1757 1
1758 1
1759 2
1760 1
1761 1
1762 2
1763 1
1764 2
1765 1
1766 1
1767 2
1768 2
1769 2
1770 1
1771 1
1772 2
1773 2
1774 1
1775 2
1776 2
1777 1
1778 1
1779 1
1780 1
1781 1
1782 2
1783 2
1784 2
1785 1
1786 2
1787 1
1788 1
1789 2
1790 2
1791 2
1792 1
1793 1
1794 1
1795 1
1796 2
1797 1
1798 2
1799 2
1800 1
1801 1
1802 2
1803 1
1804 2
1805 1
1806 1
1807 1
1808 2
1809 2
1810 1
1811 1
1812 1
1813 1
1814 2
1815 2
1816 2
1817 1
1818 2
1819 1
1820 2
1821 1
1822 1
1823 2
1824 1
1825 2
1826 1
1827 1
1828 1
1829 2
1830 1
1831 1
1832 1
1833 1
1834 2
1835 1
1836 2
1837 2
1838 1
1839 2
1840 2
1841 2
1842 2
1843 1
1844 2
1845 1
1846 2
1847 2
1848 2
1849 1
1850 1
1851 1
1852 1
1853 1
1854 2
1855 1
1856 1
1857 1
1858 1
1859 1
1860 2
1861 1
1862 2
1863 1
1864 1
1865 1
1866 2
1867 1
1868 2
1869 1
1870 1
1871 1
1872 1
1873 1
1874 2
1875 2
1876 1
1877 2
1878 1
1879 1
1880 1
1881 1
1882 1
1883 2
1884 1
1885 2
1886 2
1887 2
1888 2
1889 1
1890 1
1891 2
1892 1
1893 1
1894 2
1895 2
1896 2
1897 2
1898 2
1899 1
1900 2
1901 1
1902 1
1903 1
1904 1
1905 1
1906 1
1907 1
1908 2
1909 1
1910 1
1911 2
1912 1
1913 2
1914 1
1915 2
1916 2
1917 2
1918 1
1919 1
1920 1
1921 1
1922 2
1923 1
1924 2
1925 2
1926 2
1927 1
1928 1
1929 1
1930 1
1931 1
1932 1
1933 1
1934 1
1935 1
1936 2
1937 1
1938 1
1939 1
1940 1
1941 1
1942 1
1943 2
1944 2
1945 2
1946 1
1947 2
1948 1
1949 2
1950 2
1951 1
1952 1
1953 1
1954 1
1955 2
1956 1
1957 1
1958 1
1959 1
1960 1
1961 1
1962 1
1963 2
1964 1
1965 1
1966 1
1967 1
1968 2
1969 2
1970 1
1971 2
1972 2
1973 2
1974 1
1975 1
1976 2
1977 2
1978 1
1979 1
1980 2
1981 1
1982 2
1983 2
1984 1
1985 1
1986 2
1987 2
1988 2
1989 2
1990 2
1991 1
1992 2
1993 1
1994 1
1995 1
1996 1
1997 1
1998 2
1999 1
2000 1
2001 2
2002 1
2003 1
2004 2
2005 2
2006 2
2007 2
2008 1
2009 2
2010 2
2011 1
2012 2
2013 1
2014 1
2015 2
2016 2
2017 2
2018 1
2019 2
2020 2
2021 1
2022 1
2023 1
2024 2
2025 2
2026 2
2027 1
2028 2
2029 2
2030 1
2031 1
2032 1
2033 1
2034 2
2035 2
2036 1
2037 1
2038 1
2039 1
2040 2
2041 1
2042 2
2043 1
2044 1
2045 1
2046 2
2047 1
2048 1
2049 1
2050 1
2051 1
2052 1
2053 1
2054 2
2055 1
2056 2
2057 1
2058 1
2059 2
2060 2
2061 2
2062 1
2063 2
2064 2
2065 2
2066 1
2067 1
2068 1
2069 2
2070 1
2071 1
2072 2
2073 1
2074 2
2075 2
2076 1
2077 2
2078 1
2079 2
2080 1
2081 1
2082 2
2083 1
2084 2
2085 1
2086 2
2087 1
2088 1
2089 1
2090 2
2091 1
2092 1
2093 2
2094 2
2095 2
2096 1
2097 2
2098 1
2099 1
2100 1
2101 2
2102 2
2103 1
2104 1
2105 2
2106 2
2107 1
2108 1
2109 1
2110 2
2111 1
2112 2
2113 1
2114 1
2115 1
2116 2
2117 1
2118 1
2119 1
2120 1
2121 1
2122 1
2123 2
2124 2
2125 1
2126 2
2127 2
2128 1
2129 1
2130 1
2131 2
2132 1
2133 2
2134 2
2135 1
2136 2
2137 2
2138 1
2139 1
2140 2
2141 2
2142 1
2143 2
2144 1
2145 1
2146 1
2147 1
2148 1
2149 1
2150 1
2151 2
2152 2
2153 1
2154 2
2155 2
2156 1
2157 2
2158 1
2159 2
2160 1
2161 1
2162 1
2163 1
2164 1
2165 1
2166 1
2167 2
2168 2
2169 2
2170 1
2171 2
2172 2
2173 1
2174 1
2175 1
2176 1
2177 1
2178 1
2179 1
2180 2
2181 2
2182 1
2183 1
2184 1
2185 2
2186 2
2187 1
2188 2
2189 1
2190 1
2191 2
2192 1
2193 2
2194 2
2195 1
2196 2
2197 1
2198 2
2199 1
2200 1
2201 1
2202 1
2203 2
2204 2
2205 1
2206 2
2207 1
2208 1
2209 2
2210 1
2211 1
2212 1
2213 1
2214 1
2215 1
2216 2
2217 1
2218 1
2219 1
2220 1
2221 1
2222 1
2223 1
2224 2
2225 1
2226 1
2227 2
2228 1
2229 1
2230 1
2231 2
2232 1
2233 1
2234 1
2235 2
2236 2
2237 2
2238 1
2239 1
2240 2
2241 2
2242 1
2243 2
2244 1
2245 1
2246 2
2247 1
2248 2
2249 1
2250 1
2251 1
2252 2
2253 2
2254 2
2255 1
2256 2
2257 1
2258 1
2259 1
2260 1
2261 1
2262 2
2263 1
2264 2
2265 1
2266 1
2267 2
2268 2
2269 2
2270 1
2271 2
2272 2
2273 2
2274 1
2275 1
2276 1
2277 2
2278 2
2279 1
2280 1
2281 2
2282 2
2283 2
2284 1
2285 1
2286 1
2287 2
2288 1
2289 2
2290 2
2291 2
2292 2
2293 1
2294 1
2295 2
2296 2
2297 2
2298 2
2299 2
2300 1
2301 2
2302 1
2303 1
2304 2
2305 2
2306 2
2307 1
2308 2
2309 2
2310 1
2311 1
2312 1
2313 2
2314 1
2315 1
2316 1
2317 2
2318 2
2319 1
2320 2
2321 1
2322 1
2323 1
2324 2
2325 1
2326 1
2327 1
2328 2
2329 1
2330 2
2331 2
2332 2
2333 2
2334 2
2335 2
2336 2
2337 2
2338 2
2339 1
2340 1
2341 2
2342 1
2343 2
2344 1
2345 2
2346 2
2347 2
2348 1
2349 1
2350 1
2351 1
2352 2
2353 1
2354 1
2355 2
2356 2
2357 2
2358 1
2359 1
2360 1
2361 1
2362 1
2363 2
2364 1
2365 2
2366 1
2367 2
2368 1
2369 2
2370 1
2371 1
2372 1
2373 2
2374 1
2375 2
2376 2
2377 2
2378 2
2379 1
2380 1
2381 1
2382 1
2383 2
2384 2
2385 2
2386 2
2387 2
2388 1
2389 2
2390 2
2391 2
2392 2
2393 1
2394 1
2395 1
2396 2
2397 1
2398 1
2399 2
2400 1
2401 1
2402 1
2403 1
2404 1
2405 1
2406 1
2407 1
2408 2
2409 2
2410 2
2411 1
2412 2
2413 1
2414 2
2415 1
2416 2
2417 1
2418 1
2419 1
2420 2
2421 1
2422 2
2423 2
2424 2
2425 2
2426 1
2427 1
2428 2
2429 1
2430 1
2431 2
2432 2
2433 2
2434 1
2435 2
2436 1
2437 1
2438 2
2439 1
2440 2
2441 2
2442 2
2443 1
2444 2
2445 1
2446 1
2447 1
2448 1
2449 1
2450 2
2451 2
2452 2
2453 1
2454 2
2455 2
2456 2
2457 2
2458 1
2459 1
2460 2
2461 2
2462 1
2463 2
2464 2
2465 2
2466 1
2467 1
2468 1
2469 2
2470 2
2471 2
2472 1
2473 2
2474 2
2475 1
2476 1
2477 1
2478 2
2479 1
2480 2
2481 1
2482 1
2483 1
2484 2
2485 2
2486 2
2487 1
2488 2
2489 1
2490 1
2491 2
2492 2
2493 2
2494 2
2495 2
2496 1
2497 1
2498 1
2499 1
2500 2
2501 1
2502 1
2503 2
2504 2
2505 1
2506 2
2507 1
2508 1
2509 1
2510 1
2511 1
2512 1
2513 1
2514 1
2515 2
2516 1
2517 2
2518 1
2519 1
2520 1
2521 2
2522 2
2523 1
2524 1
2525 1
2526 2
2527 2
2528 2
2529 1
2530 1
2531 2
2532 2
2533 1
2534 1
2535 2
2536 2
2537 2
2538 2
2539 1
2540 1
2541 1
2542 1
2543 2
2544 2
2545 1
2546 2
2547 1
2548 2
2549 2
2550 2
2551 1
2552 2
2553 1
2554 2
2555 1
2556 1
2557 1
2558 2
2559 2
2560 2
2561 1
2562 2
2563 1
2564 2
2565 1
2566 1
2567 1
2568 2
2569 1
2570 1
2571 1
2572 1
2573 1
2574 1
2575 1
2576 1
2577 1
2578 1
2579 2
2580 2
2581 1
2582 1
2583 1
2584 2
2585 2
2586 1
2587 1
2588 2
2589 1
2590 2
2591 2
2592 1
2593 2
2594 1
2595 1
2596 1
2597 1
2598 1
2599 1
2600 1
2601 1
2602 1
2603 1
2604 2
2605 1
2606 1
2607 2
2608 1
2609 1
2610 2
2611 1
2612 2
2613 1
2614 1
2615 2
2616 2
2617 1
2618 1
2619 1
2620 1
2621 2
2622 1
2623 1
2624 2
2625 2
2626 2
2627 2
2628 1
2629 1
2630 2
2631 2
2632 1
2633 2
2634 1
2635 1
2636 2
2637 1
2638 1
2639 1
2640 1
2641 1
2642 1
2643 1
2644 1
2645 2
2646 1
2647 2
2648 1
2649 2
2650 2
2651 1
2652 2
2653 1
2654 2
2655 1
2656 1
2657 1
2658 2
2659 1
2660 1
2661 1
2662 1
2663 2
2664 1
2665 2
2666 2
2667 1
2668 1
2669 1
2670 2
2671 1
2672 2
2673 2
2674 1
2675 1
2676 2
2677 1
2678 2
2679 2
2680 2
2681 2
2682 1
2683 2
2684 2
2685 1
2686 1
2687 2
2688 1
2689 2
2690 1
2691 1
2692 2
2693 2
2694 2
2695 1
2696 1
2697 1
2698 1
2699 1
2700 1
2701 1
2702 1
2703 2
2704 2
2705 2
2706 2
2707 1
2708 1
2709 2
2710 1
2711 2
2712 2
2713 2
2714 1
2715 2
2716 1
2717 2
2718 2
2719 1
2720 1
2721 1
2722 1
2723 2
2724 1
2725 1
2726 2
2727 2
2728 1
2729 2
2730 1
2731 2
2732 2
2733 1
2734 1
2735 1
2736 1
2737 2
2738 1
2739 2
2740 2
2741 2
2742 2
2743 1
2744 2
2745 1
2746 1
2747 2
2748 2
2749 1
2750 1
2751 1
2752 1
2753 2
2754 2
2755 2
2756 1
2757 1
2758 2
2759 1
2760 1
2761 1
2762 1
2763 2
2764 1
2765 2
2766 2
2767 2
2768 1
2769 2
2770 1
2771 2
2772 1
2773 1
2774 1
2775 2
2776 1
2777 2
2778 1
2779 1
2780 2
2781 1
2782 2
2783 2
2784 1
2785 1
2786 1
2787 1
2788 1
2789 2
2790 2
2791 2
2792 2
2793 2
2794 2
2795 2
2796 2
2797 1
2798 1
2799 1
2800 2
2801 2
2802 1
2803 2
2804 2
2805 1
2806 1
2807 2
2808 1
2809 2
2810 2
2811 1
2812 1
2813 1
2814 1
2815 2
2816 1
2817 2
2818 1
2819 1
2820 2
2821 1
2822 2
2823 2
2824 1
2825 2
2826 2
2827 1
2828 1
2829 1
2830 2
2831 2
2832 2
2833 1
2834 2
2835 2
2836 2
2837 1
2838 2
2839 1
2840 1
2841 1
2842 1
2843 1
2844 1
2845 2
2846 1
2847 2
2848 2
2849 2
2850 1
2851 2
2852 2
2853 2
2854 1
2855 1
2856 2
2857 2
2858 1
2859 1
2860 1
2861 2
2862 2
2863 2
2864 2
2865 1
2866 1
2867 1
2868 2
2869 1
2870 1
2871 2
2872 1
2873 2
2874 2
2875 1
2876 1
2877 1
2878 2
2879 2
2880 2
2881 1
2882 1
2883 2
2884 1
2885 1
2886 2
2887 2
2888 1
2889 1
2890 1
2891 1
2892 1
2893 2
2894 2
2895 1
2896 1
2897 1
2898 1
2899 1
2900 2
2901 1
2902 1
2903 2
2904 2
2905 1
2906 1
2907 1
2908 2
2909 1
2910 1
2911 1
2912 1
2913 1
2914 1
2915 2
2916 2
2917 1
2918 1
2919 2
2920 1
2921 2
2922 2
2923 2
2924 2
2925 1
2926 2
2927 2
2928 2
2929 1
2930 2
2931 2
2932 1
2933 1
2934 1
2935 1
2936 1
2937 2
2938 1
2939 1
2940 2
2941 1
2942 1
2943 1
2944 1
2945 2
2946 1
2947 2
2948 1
2949 2
2950 1
2951 2
2952 1
2953 1
2954 1
2955 2
2956 2
2957 1
2958 2
2959 1
2960 1
2961 1
2962 2
2963 2
2964 1
2965 1
2966 1
2967 2
2968 1
2969 2
2970 2
2971 1
2972 1
2973 1
2974 1
2975 1
2976 2
2977 2
2978 1
2979 1
2980 1
2981 1
2982 2
2983 2
2984 1
2985 2
2986 1
2987 2
2988 2
2989 1
2990 2
2991 2
2992 2
2993 1
2994 1
2995 1
2996 2
2997 1
2998 2
2999 1
3000 2
3001 2
3002 2
3003 1
3004 2
3005 1
3006 1
3007 2
3008 2
3009 2
3010 1
3011 2
3012 2
3013 1
3014 2
3015 2
3016 2
3017 1
3018 1
3019 1
3020 1
3021 2
3022 2
3023 2
3024 2
3025 2
3026 2
3027 1
3028 2
3029 1
3030 2
3031 2
3032 1
3033 2
3034 1
3035 2
3036 1
3037 1
3038 1
3039 2
3040 2
3041 2
3042 1
3043 1
3044 1
3045 2
3046 2
3047 1
3048 2
3049 1
3050 1
3051 2
3052 2
3053 1
3054 2
3055 1
3056 1
3057 2
3058 2
3059 2
3060 1
3061 2
3062 2
3063 1
3064 2
3065 1
3066 1
3067 1
3068 2
3069 1
3070 2
3071 2
3072 2
3073 1
3074 1
3075 2
3076 1
3077 2
3078 1
3079 2
3080 2
3081 1
3082 1
3083 1
3084 1
3085 2
3086 1
3087 1
3088 1
3089 2
3090 2
3091 1
3092 1
3093 2
3094 2
3095 1
3096 1
3097 1
3098 1
3099 2
3100 2
3101 2
3102 2
3103 1
3104 2
3105 2
3106 1
3107 1
3108 1
3109 1
3110 1
3111 1
3112 2
3113 2
3114 1
3115 2
3116 1
3117 1
3118 2
3119 1
3120 1
3121 1
3122 1
3123 2
3124 1
3125 2
3126 2
3127 1
3128 1
3129 1
3130 1
3131 2
3132 2
3133 1
3134 1
3135 1
3136 2
3137 1
3138 1
3139 1
3140 2
3141 2
3142 1
3143 1
3144 2
3145 1
3146 1
3147 2
3148 2
3149 1
3150 1
3151 1
3152 1
3153 2
3154 1
3155 2
3156 2
3157 1
3158 1
3159 1
3160 1
3161 2
3162 2
3163 2
3164 1
3165 1
3166 1
3167 1
3168 2
3169 2
3170 2
3171 2
3172 2
3173 1
3174 2
3175 1
3176 1
3177 2
3178 1
3179 2
3180 1
3181 1
3182 1
3183 1
3184 1
3185 1
3186 1
3187 1
3188 1
3189 2
3190 1
3191 1
3192 2
3193 1
3194 2
3195 2
3196 2
3197 1
3198 1
3199 2
3200 1
3201 2
3202 1
3203 1
3204 1
3205 1
3206 2
3207 1
3208 2
3209 1
3210 1
3211 2
3212 1
3213 1
3214 2
3215 2
3216 1
3217 1
3218 2
3219 1
3220 1
3221 1
3222 2
3223 2
3224 1
3225 1
3226 2
3227 1
3228 2
3229 1
3230 2
3231 1
3232 2
3233 2
3234 1
3235 1
3236 2
3237 1
3238 2
3239 2
3240 1
3241 1
3242 2
3243 2
3244 1
3245 2
3246 2
3247 2
3248 1
3249 2
3250 1
3251 1
3252 1
3253 1
3254 2
3255 2
3256 2
3257 1
3258 1
3259 1
3260 1
3261 1
3262 2
3263 1
3264 2
3265 2
3266 1
3267 2
3268 1
3269 1
3270 2
3271 1
3272 1
3273 1
3274 1
3275 1
3276 1
3277 2
3278 2
3279 2
3280 2
3281 1
3282 1
3283 2
3284 1
3285 2
3286 1
3287 2
3288 1
3289 1
3290 2
3291 1
3292 1
3293 2
3294 1
3295 1
3296 2
3297 2
3298 1
3299 2
3300 1
3301 1
3302 1
3303 1
3304 1
3305 1
3306 1
3307 1
3308 2
3309 1
3310 1
3311 1
3312 1
3313 1
3314 1
3315 2
3316 1
3317 1
3318 2
3319 1
3320 1
3321 1
3322 1
3323 1
3324 1
3325 2
3326 1
3327 1
3328 2
3329 2
3330 2
3331 2
3332 1
3333 1
3334 1
3335 2
3336 1
3337 1
3338 1
3339 1
3340 1
3341 1
3342 1
3343 1
3344 1
3345 1
3346 1
3347 2
3348 1
3349 1
3350 1
3351 2
3352 1
3353 2
3354 1
3355 2
3356 2
3357 1
3358 1
3359 1
3360 1
3361 2
3362 2
3363 2
3364 1
3365 1
3366 2
3367 1
3368 1
3369 1
3370 1
3371 1
3372 2
3373 2
3374 2
3375 1
3376 2
3377 2
3378 2
3379 1
3380 1
3381 2
3382 2
3383 2
3384 2
3385 2
3386 1
3387 1
3388 1
3389 2
3390 1
3391 1
3392 1
3393 1
3394 1
3395 1
3396 1
3397 1
3398 1
3399 2
3400 1
3401 1
3402 1
3403 2
3404 1
3405 1
3406 1
3407 1
3408 1
3409 2
3410 1
3411 1
3412 2
3413 2
3414 1
3415 1
3416 1
3417 2
3418 2
3419 1
3420 2
3421 2
3422 1
3423 1
3424 1
3425 2
3426 2
3427 1
3428 1
3429 1
3430 1
3431 2
3432 1
3433 2
3434 2
3435 2
3436 2
3437 2
3438 1
3439 1
3440 1
3441 1
3442 2
3443 2
3444 2
3445 1
3446 1
3447 2
3448 1
3449 1
3450 1
3451 1
3452 1
3453 2
3454 1
3455 1
3456 1
3457 2
3458 1
3459 1
3460 1
3461 1
3462 2
3463 2
3464 1
3465 1
3466 2
3467 1
3468 2
3469 1
3470 2
3471 1
3472 2
3473 1
3474 1
3475 1
3476 1
3477 1
3478 1
3479 2
3480 1
3481 1
3482 1
3483 2
3484 1
3485 1
3486 1
3487 1
3488 1
3489 2
3490 2
3491 1
3492 1
3493 2
3494 2
3495 2
3496 1
3497 2
3498 1
3499 2
3500 2
3501 1
3502 1
3503 1
3504 1
3505 2
3506 2
3507 1
3508 2
3509 2
3510 1
3511 2
3512 1
3513 2
3514 2
3515 1
3516 1
3517 1
3518 1
3519 1
3520 1
3521 1
3522 2
3523 2
3524 2
3525 1
3526 1
3527 2
3528 2
3529 1
3530 1
3531 1
3532 1
3533 1
3534 1
3535 1
3536 1
3537 2
3538 2
3539 2
3540 1
3541 1
3542 2
3543 2
3544 1
3545 1
3546 1
3547 2
3548 1
3549 1
3550 1
3551 1
3552 1
3553 2
3554 1
3555 1
3556 2
3557 2
3558 1
3559 1
3560 2
3561 1
3562 2
3563 2
3564 1
3565 1
3566 1
3567 2
3568 1
3569 2
3570 2
3571 1
3572 2
3573 1
3574 1
3575 1
3576 2
3577 2
3578 1
3579 1
3580 1
3581 2
3582 2
3583 2
3584 1
3585 1
3586 2
3587 2
3588 2
3589 2
3590 2
3591 1
3592 1
3593 2
3594 2
3595 2
3596 1
3597 2
3598 1
3599 2
3600 1
3601 1
3602 1
3603 1
3604 1
3605 2
3606 1
3607 2
3608 2
3609 1
3610 1
3611 1
3612 2
3613 1
3614 1
3615 1
3616 2
3617 1
3618 2
3619 2
3620 2
3621 1
3622 2
3623 2
3624 1
3625 2
3626 2
3627 2
3628 1
3629 2
3630 1
3631 2
3632 2
3633 1
3634 2
3635 2
3636 2
3637 2
3638 2
3639 1
3640 2
3641 2
3642 1
3643 1
3644 2
3645 2
3646 2
3647 2
3648 1
3649 2
3650 2
3651 2
3652 1
3653 1
3654 1
3655 1
3656 1
3657 2
3658 1
3659 1
3660 2
3661 2
3662 1
3663 1
3664 2
3665 1
3666 1
3667 2
3668 2
3669 1
3670 2
3671 1
3672 1
3673 2
3674 1
3675 1
3676 2
3677 1
3678 2
3679 1
3680 2
3681 1
3682 2
3683 1
3684 2
3685 1
3686 1
3687 2
3688 2
3689 1
3690 1
3691 2
3692 1
3693 2
3694 2
3695 1
3696 2
3697 1
3698 1
3699 1
3700 2
3701 2
3702 2
3703 1
3704 1
3705 2
3706 1
3707 1
3708 1
3709 2
3710 1
3711 2
3712 2
3713 1
3714 2
3715 1
3716 1
3717 1
3718 1
3719 2
3720 1
3721 2
3722 1
3723 2
3724 2
3725 2
3726 2
3727 1
3728 2
3729 1
3730 2
3731 2
3732 2
3733 2
3734 1
3735 2
3736 1
3737 1
3738 2
3739 1
3740 1
3741 1
3742 2
3743 1
3744 2
3745 1
3746 1
3747 1
3748 2
3749 2
3750 2
3751 2
3752 1
3753 2
3754 2
3755 1
3756 1
3757 1
3758 1
3759 2
3760 2
3761 1
3762 2
3763 2
3764 1
3765 1
3766 2
3767 1
3768 1
3769 1
3770 1
3771 2
3772 1
3773 1
3774 2
3775 2
3776 2
3777 1
3778 1
3779 2
3780 1
3781 2
3782 2
3783 1
3784 2
3785 2
3786 2
3787 1
3788 2
3789 2
3790 2
3791 1
3792 2
3793 2
3794 2
3795 1
3796 1
3797 2
3798 1
3799 2
3800 1
3801 1
3802 2
3803 2
3804 1
3805 1
3806 1
3807 1
3808 2
3809 1
3810 1
3811 2
3812 1
3813 1
3814 1
3815 1
3816 2
3817 1
3818 2
3819 1
3820 2
3821 1
3822 1
3823 1
3824 1
3825 1
3826 2
3827 2
3828 2
3829 1
3830 2
3831 1
3832 2
3833 2
3834 2
3835 1
3836 2
3837 1
3838 2
3839 2
3840 1
3841 2
3842 1
3843 2
3844 2
3845 1
3846 2
3847 1
3848 1
3849 1
3850 2
3851 2
3852 1
3853 1
3854 1
3855 2
3856 1
3857 1
3858 1
3859 1
3860 1
3861 2
3862 1
3863 1
3864 1
3865 1
3866 1
3867 1
3868 2
3869 1
3870 2
3871 1
3872 2
3873 1
3874 1
3875 2
3876 1
3877 1
3878 1
3879 1
3880 2
3881 2
3882 2
3883 1
3884 2
3885 1
3886 1
3887 2
3888 1
3889 1
3890 2
3891 1
3892 1
3893 2
3894 1
3895 2
3896 1
3897 1
3898 2
3899 2
3900 2
3901 1
3902 2
3903 2
3904 2
3905 2
3906 2
3907 2
3908 1
3909 2
3910 2
3911 1
3912 1
3913 1
3914 1
3915 1
3916 1
3917 1
3918 2
3919 2
3920 1
3921 1
3922 1
3923 1
3924 1
3925 1
3926 1
3927 1
3928 1
3929 1
3930 2
3931 1
3932 1
3933 2
3934 1
3935 1
3936 1
3937 2
3938 1
3939 1
3940 1
3941 1
3942 2
3943 2
3944 1
3945 1
3946 2
3947 2
3948 2
3949 2
3950 1
3951 1
3952 1
3953 1
3954 2
3955 1
3956 1
3957 2
3958 1
3959 2
3960 1
3961 1
3962 1
3963 1
3964 2
3965 2
3966 2
3967 1
3968 1
3969 1
3970 1
3971 1
3972 2
3973 1
3974 1
3975 1
3976 2
3977 1
3978 1
3979 1
3980 1
3981 1
3982 2
3983 1
3984 1
3985 1
3986 1
3987 2
3988 2
3989 2
3990 1
3991 1
3992 2
3993 1
3994 2
3995 1
3996 2
3997 1
3998 2
3999 1
4000 1
4001 1
4002 1
4003 2
4004 1
4005 1
4006 2
4007 1
4008 1
4009 1
4010 1
4011 2
4012 1
4013 2
4014 1
4015 2
4016 2
4017 1
4018 2
4019 2
4020 1
4021 1
4022 2
4023 2
4024 1
4025 1
4026 2
4027 2
4028 1
4029 2
4030 1
4031 1
4032 1
4033 2
4034 2
4035 2
4036 1
4037 2
4038 2
4039 2
4040 1
4041 2
4042 1
4043 1
4044 2
4045 1
4046 1
4047 1
4048 1
4049 1
4050 1
4051 1
4052 2
4053 2
4054 2
4055 2
4056 1
4057 2
4058 2
4059 1
4060 1
4061 2
4062 2
4063 1
4064 2
4065 1
4066 1
4067 1
4068 1
4069 2
4070 2
4071 1
4072 2
4073 1
4074 2
4075 1
4076 1
4077 2
4078 2
4079 2
4080 1
4081 2
4082 2
4083 1
4084 2
4085 1
4086 1
4087 1
4088 1
4089 1
4090 1
4091 1
4092 1
4093 2
4094 2
4095 1
4096 2
4097 1
4098 2
4099 2
4100 2
4101 1
4102 1
4103 1
4104 1
4105 1
4106 2
4107 2
4108 1
4109 1
4110 2
4111 2
4112 2
4113 1
4114 1
4115 1
4116 1
4117 1
4118 1
4119 2
4120 2
4121 1
4122 1
4123 1
4124 1
4125 1
4126 1
4127 2
4128 2
4129 1
4130 2
4131 2
4132 2
4133 1
4134 2
4135 1
4136 1
4137 2
4138 2
4139 1
4140 1
4141 2
4142 1
4143 2
4144 1
4145 1
4146 1
4147 1
4148 2
4149 1
4150 2
4151 1
4152 2
4153 2
4154 2
4155 2
4156 1
4157 1
4158 2
4159 1
4160 1
4161 2
4162 1
4163 1
4164 1
4165 2
4166 2
4167 1
4168 2
4169 1
4170 2
4171 1
4172 2
4173 2
4174 2
4175 1
4176 1
4177 1
4178 2
4179 2
4180 2
4181 1
4182 1
4183 1
4184 1
4185 1
4186 2
4187 1
4188 2
4189 1
4190 1
4191 1
4192 1
4193 1
4194 2
4195 1
4196 1
4197 1
4198 1
4199 1
4200 1
4201 1
4202 1
4203 2
4204 2
4205 2
4206 2
4207 1
4208 2
4209 1
4210 2
4211 1
4212 1
4213 2
4214 2
4215 1
4216 2
4217 2
4218 1
4219 1
4220 1
4221 1
4222 1
4223 2
4224 1
4225 1
4226 1
4227 1
4228 2
4229 1
4230 2
4231 2
4232 1
4233 1
4234 2
4235 2
4236 2
4237 1
4238 1
4239 2
4240 2
4241 2
4242 2
4243 2
4244 1
4245 2
4246 2
4247 2
4248 1
4249 1
4250 2
4251 2
4252 2
4253 2
4254 1
4255 2
4256 1
4257 2
4258 1
4259 2
4260 1
4261 2
4262 1
4263 1
4264 2
4265 2
4266 1
4267 1
4268 1
4269 2
4270 1
4271 1
4272 2
4273 1
4274 1
4275 1
4276 2
4277 1
4278 1
4279 2
4280 1
4281 2
4282 2
4283 1
4284 1
4285 1
4286 1
4287 1
4288 2
4289 1
4290 2
4291 2
4292 1
4293 1
4294 2
4295 1
4296 1
4297 1
4298 1
4299 1
4300 2
4301 2
4302 1
4303 2
4304 1
4305 1
4306 1
4307 2
4308 2
4309 1
4310 1
4311 2
4312 1
4313 2
4314 1
4315 2
4316 2
4317 2
4318 2
4319 1
4320 1
4321 1
4322 1
4323 1
4324 1
4325 1
4326 1
4327 2
4328 1
4329 1
4330 1
4331 2
4332 1
4333 2
4334 2
4335 1
4336 2
4337 2
4338 1
4339 1
4340 2
4341 1
4342 1
4343 1
4344 2
4345 1
4346 1
4347 2
4348 1
4349 2
4350 1
4351 1
4352 1
4353 1
4354 1
4355 2
4356 2
4357 2
4358 1
4359 1
4360 1
4361 1
4362 2
4363 1
4364 1
4365 1
4366 1
4367 2
4368 1
4369 1
4370 1
4371 1
4372 1
4373 1
4374 2
4375 1
4376 1
4377 2
4378 2
4379 2
4380 1
4381 1
4382 2
4383 1
4384 1
4385 1
4386 2
4387 1
4388 2
4389 2
4390 1
4391 2
4392 2
4393 1
4394 2
4395 2
4396 1
4397 2
4398 1
4399 1
4400 1
4401 1
4402 1
4403 1
4404 1
4405 2
4406 1
4407 1
4408 1
4409 2
4410 2
4411 2
4412 2
4413 2
4414 2
4415 1
4416 2
4417 2
4418 1
4419 1
4420 2
4421 2
4422 1
4423 2
4424 2
4425 1
4426 2
4427 1
4428 1
4429 2
4430 1
4431 1
4432 2
4433 1
4434 2
4435 2
4436 2
4437 2
4438 2
4439 1
4440 2
4441 2
4442 2
4443 2
4444 2
4445 2
4446 2
4447 2
4448 2
4449 2
4450 2
4451 1
4452 2
4453 1
4454 1
4455 2
4456 1
4457 2
4458 1
4459 1
4460 1
4461 1
4462 1
4463 2
4464 2
4465 2
4466 1
4467 1
4468 1
4469 2
4470 2
4471 1
4472 1
4473 1
4474 1
4475 2
4476 2
4477 2
4478 1
4479 2
4480 2
4481 2
4482 2
4483 2
4484 1
4485 2
4486 1
4487 1
4488 1
4489 2
4490 2
4491 1
4492 2
4493 2
4494 1
4495 1
4496 1
4497 1
4498 1
4499 1
4500 1
4501 2
4502 1
4503 1
4504 1
4505 2
4506 2
4507 1
4508 2
4509 1
4510 2
4511 2
4512 1
4513 2
4514 2
4515 1
4516 1
4517 2
4518 2
4519 1
4520 2
4521 2
4522 2
4523 1
4524 1
4525 2
4526 2
4527 1
4528 2
4529 1
4530 2
4531 1
4532 1
4533 1
4534 2
4535 2
4536 2
4537 1
4538 2
4539 1
4540 2
4541 2
4542 2
4543 1
4544 1
4545 2
4546 2
4547 1
4548 1
4549 2
4550 1
4551 2
4552 1
4553 1
4554 1
4555 1
4556 1
4557 1
4558 2
4559 2
4560 2
4561 2
4562 1
4563 1
4564 1
4565 1
4566 2
4567 1
4568 2
4569 1
4570 1
4571 1
4572 2
4573 1
4574 2
4575 2
4576 2
4577 1
4578 1
4579 2
4580 1
4581 2
4582 2
4583 1
4584 1
4585 1
4586 1
4587 1
4588 2
4589 1
4590 1
4591 1
4592 2
4593 2
4594 2
4595 2
4596 1
4597 1
4598 2
4599 1
4600 2
4601 2
4602 1
4603 1
4604 1
4605 2
4606 2
4607 2
4608 1
4609 2
4610 1
4611 2
4612 1
4613 1
4614 2
4615 1
4616 1
4617 1
4618 2
4619 1
4620 2
4621 1
4622 1
4623 1
4624 1
4625 2
4626 2
4627 1
4628 1
4629 1
4630 1
4631 1
4632 1
4633 1
4634 2
4635 1
4636 1
4637 1
4638 1
4639 1
4640 1
4641 1
4642 1
4643 2
4644 2
4645 2
4646 1
4647 2
4648 2
4649 2
4650 1
4651 2
4652 1
4653 2
4654 1
4655 2
4656 2
4657 2
4658 2
4659 1
4660 2
4661 2
4662 1
4663 1
4664 1
4665 2
4666 1
4667 1
4668 2
4669 1
4670 2
4671 2
4672 2
4673 2
4674 1
4675 1
4676 1
4677 2
4678 1
4679 2
4680 1
4681 1
4682 1
4683 2
4684 1
4685 1
4686 1
4687 2
4688 2
4689 2
4690 2
4691 2
4692 1
4693 2
4694 2
4695 1
4696 1
4697 1
4698 2
4699 2
4700 2
4701 1
4702 1
4703 2
4704 1
4705 1
4706 1
4707 2
4708 1
4709 1
4710 1
4711 1
4712 2
4713 1
4714 1
4715 1
4716 1
4717 2
4718 1
4719 1
4720 1
4721 2
4722 2
4723 1
4724 2
4725 2
4726 1
4727 1
4728 1
4729 2
4730 2
4731 1
4732 1
4733 2
4734 1
4735 2
4736 1
4737 1
4738 2
4739 2
4740 2
4741 1
4742 1
4743 2
4744 1
4745 1
4746 1
4747 1
4748 1
4749 2
4750 2
4751 1
4752 2
4753 2
4754 1
4755 2
4756 1
4757 1
4758 1
4759 1
4760 1
4761 2
4762 1
4763 1
4764 1
4765 1
4766 2
4767 1
4768 1
4769 2
4770 2
4771 1
4772 1
4773 1
4774 1
4775 1
4776 1
4777 1
4778 1
4779 1
4780 1
4781 2
4782 1
4783 1
4784 1
4785 1
4786 2
4787 1
4788 1
4789 2
4790 1
4791 1
4792 1
4793 1
4794 1
4795 1
4796 2
4797 2
4798 1
4799 2
4800 2
4801 1
4802 1
4803 2
4804 1
4805 2
4806 1
4807 2
4808 1
4809 1
4810 2
4811 2
4812 1
4813 2
4814 1
4815 1
4816 1
4817 2
4818 1
4819 1
4820 2
4821 1
4822 1
4823 1
4824 2
4825 1
4826 2
4827 1
4828 1
4829 2
4830 2
4831 2
4832 1
4833 1
4834 2
4835 1
4836 1
4837 2
4838 2
4839 2
4840 2
4841 1
4842 2
4843 2
4844 1
4845 1
4846 2
4847 1
4848 2
4849 2
4850 2
4851 1
4852 2
4853 1
4854 1
4855 1
4856 2
4857 2
4858 2
4859 1
4860 1
4861 1
4862 1
4863 2
4864 1
4865 1
4866 2
4867 2
4868 1
4869 1
4870 1
4871 2
4872 2
4873 2
4874 2
4875 2
4876 1
4877 2
4878 1
4879 1
4880 2
4881 1
4882 2
4883 1
4884 1
4885 1
4886 2
4887 2
4888 2
4889 1
4890 1
4891 1
4892 1
4893 2
4894 2
4895 1
4896 1
4897 1
4898 2
4899 1
4900 1
4901 1
4902 1
4903 1
4904 2
4905 1
4906 2
4907 1
4908 2
4909 1
4910 1
4911 2
4912 2
4913 2
4914 1
4915 1
4916 2
4917 1
4918 2
4919 1
4920 1
4921 2
4922 1
4923 2
4924 2
4925 2
4926 1
4927 2
4928 2
4929 1
4930 1
4931 1
4932 2
4933 1
4934 1
4935 1
4936 1
4937 2
4938 1
4939 2
4940 2
4941 1
4942 2
4943 1
4944 1
4945 1
4946 1
4947 1
4948 2
4949 2
4950 1
4951 2
4952 2
4953 1
4954 2
4955 1
4956 2
4957 1
4958 1
4959 2
4960 1
4961 1
4962 1
4963 1
4964 1
4965 1
4966 2
4967 2
4968 1
4969 1
4970 2
4971 2
4972 1
4973 1
4974 1
4975 2
4976 2
4977 2
4978 1
4979 2
4980 2
4981 2
4982 1
4983 1
4984 2
4985 1
4986 2
4987 2
4988 1
4989 2
4990 2
4991 1
4992 1
4993 1
4994 1
4995 1
4996 1
4997 2
4998 1
4999 2
5000 1
5001 1
5002 2
5003 1
5004 2
5005 2
5006 1
5007 2
5008 1
5009 1
5010 1
5011 1
5012 2
5013 1
5014 1
5015 1
5016 2
5017 1
5018 2
5019 2
5020 2
5021 1
5022 1
5023 1
5024 2
5025 1
5026 2
5027 1
5028 1
5029 1
5030 2
5031 1
5032 2
5033 1
5034 2
5035 1
5036 1
5037 2
5038 1
5039 2
5040 2
5041 2
5042 2
5043 2
5044 2
5045 1
5046 1
5047 1
5048 2
5049 1
5050 2
5051 2
5052 1
5053 1
5054 2
5055 2
5056 2
5057 2
5058 2
5059 2
5060 1
5061 1
5062 1
5063 1
5064 1
5065 1
5066 2
5067 1
5068 1
5069 2
5070 1
5071 1
5072 1
5073 1
5074 2
5075 1
5076 2
5077 2
5078 2
5079 1
5080 1
5081 1
5082 1
5083 1
5084 2
5085 2
5086 2
5087 1
5088 1
5089 2
5090 2
5091 2
5092 1
5093 1
5094 1
5095 1
5096 2
5097 1
5098 1
5099 1
5100 1
5101 1
5102 1
5103 2
5104 2
5105 2
5106 2
5107 1
5108 2
5109 1
5110 2
5111 2
5112 2
5113 1
5114 2
5115 1
5116 2
5117 1
5118 2
5119 1
5120 1
5121 1
5122 1
5123 1
5124 1
5125 2
5126 1
5127 1
5128 1
5129 1
5130 1
5131 2
5132 2
5133 1
5134 2
5135 1
5136 2
5137 1
5138 1
5139 2
5140 1
5141 1
5142 1
5143 1
5144 1
5145 1
5146 1
5147 2
5148 2
5149 2
5150 2
5151 2
5152 1
5153 1
5154 2
5155 2
5156 1
5157 1
5158 1
5159 1
5160 1
5161 1
5162 1
5163 2
5164 1
5165 2
5166 2
5167 2
5168 1
5169 1
5170 1
5171 1
5172 2
5173 2
5174 2
5175 1
5176 2
5177 1
5178 1
5179 1
5180 1
5181 2
5182 2
5183 2
5184 2
5185 1
5186 2
5187 2
5188 1
5189 2
5190 1
5191 1
5192 1
5193 1
5194 1
5195 1
5196 1
5197 1
5198 1
5199 2
5200 2
5201 2
5202 2
5203 2
5204 1
5205 1
5206 2
5207 2
5208 2
5209 2
5210 1
5211 1
5212 2
5213 2
5214 1
5215 1
5216 1
5217 2
5218 2
5219 1
5220 1
5221 2
5222 2
5223 1
5224 2
5225 1
5226 2
5227 2
5228 1
5229 1
5230 1
5231 2
5232 2
5233 1
5234 2
5235 2
5236 2
5237 1
5238 1
5239 2
5240 2
5241 1
5242 1
5243 2
5244 2
5245 1
5246 2
5247 1
5248 2
5249 1
5250 1
5251 1
5252 1
5253 1
5254 2
5255 1
5256 2
5257 2
5258 1
5259 2
5260 1
5261 2
5262 1
5263 1
5264 1
5265 1
5266 1
5267 1
5268 1
5269 1
5270 1
5271 2
5272 1
5273 1
5274 1
5275 2
5276 1
5277 2
5278 1
5279 1
5280 2
5281 2
5282 2
5283 2
5284 2
5285 2
5286 2
5287 1
5288 2
5289 1
5290 1
5291 2
5292 1
5293 2
5294 2
5295 1
5296 1
5297 1
5298 1
5299 1
5300 2
5301 2
5302 1
5303 2
5304 2
5305 2
5306 2
5307 1
5308 1
5309 2
5310 1
5311 1
5312 1
5313 2
5314 1
5315 1
5316 1
5317 1
5318 1
5319 2
5320 1
5321 1
5322 1
5323 1
5324 2
5325 1
5326 2
5327 1
5328 2
5329 1
5330 2
5331 1
5332 2
5333 2
5334 1
5335 2
5336 1
5337 2
5338 1
5339 2
5340 1
5341 2
5342 1
5343 1
5344 2
5345 2
5346 2
5347 2
5348 2
5349 1
5350 1
5351 1
5352 1
5353 2
5354 2
5355 2
5356 1
5357 2
5358 1
5359 1
5360 1
5361 2
5362 2
5363 2
5364 1
5365 1
5366 1
5367 2
5368 1
5369 1
5370 1
5371 2
5372 2
5373 1
5374 1
5375 1
5376 1
5377 2
5378 1
5379 1
5380 1
5381 1
5382 2
5383 2
5384 1
5385 1
5386 2
5387 1
5388 1
5389 2
5390 2
5391 1
5392 1
5393 1
5394 1
5395 1
5396 2
5397 2
5398 2
5399 2
5400 1
5401 2
5402 2
5403 1
5404 2
5405 1
5406 1
5407 1
5408 1
5409 2
5410 1
5411 2
5412 2
5413 1
5414 2
5415 1
5416 1
5417 2
5418 2
5419 2
5420 1
5421 1
5422 1
5423 2
5424 1
5425 2
5426 2
5427 1
5428 1
5429 1
5430 1
5431 1
5432 1
5433 1
5434 1
5435 1
5436 2
5437 2
5438 1
5439 1
5440 1
5441 2
5442 1
5443 2
5444 1
5445 1
5446 2
5447 1
5448 1
5449 1
5450 1
5451 2
5452 2
5453 2
5454 2
5455 2
5456 1
5457 1
5458 2
5459 2
5460 2
5461 1
5462 1
5463 1
5464 1
5465 1
5466 1
5467 1
5468 2
5469 1
5470 2
5471 1
5472 1
5473 2
5474 1
5475 2
5476 1
5477 2
5478 2
5479 1
5480 2
5481 1
5482 1
5483 1
5484 1
5485 1
5486 2
5487 2
5488 1
5489 1
5490 1
5491 2
5492 1
5493 1
5494 2
5495 2
5496 2
5497 1
5498 1
5499 2
5500 1
5501 1
5502 2
5503 1
5504 1
5505 2
5506 2
5507 1
5508 1
5509 1
5510 2
5511 1
5512 2
5513 2
5514 2
5515 2
5516 1
5517 1
5518 2
5519 1
5520 1
5521 2
5522 1
5523 1
5524 2
5525 1
5526 1
5527 2
5528 1
5529 1
5530 2
5531 2
5532 2
5533 2
5534 2
5535 1
5536 1
5537 2
5538 1
5539 1
5540 1
5541 1
5542 2
5543 2
5544 1
5545 1
5546 2
5547 1
5548 2
5549 1
5550 2
5551 2
5552 1
5553 2
5554 1
5555 2
5556 2
5557 1
5558 1
5559 1
5560 1
5561 2
5562 2
5563 1
5564 1
5565 2
5566 2
5567 2
5568 1
5569 1
5570 1
5571 1
5572 1
5573 2
5574 2
5575 1
5576 1
5577 1
5578 2
5579 2
5580 1
5581 1
5582 2
5583 1
5584 1
5585 1
5586 1
5587 2
5588 1
5589 1
5590 2
5591 2
5592 1
5593 1
5594 1
5595 1
5596 2
5597 2
5598 1
5599 1
5600 2
5601 1
5602 2
5603 2
5604 2
5605 1
5606 1
5607 1
5608 1
5609 1
5610 1
5611 1
5612 2
5613 1
5614 2
5615 2
5616 1
5617 1
5618 2
5619 1
5620 2
5621 2
5622 2
5623 2
5624 1
5625 1
5626 1
5627 2
5628 1
5629 2
5630 1
5631 2
5632 2
5633 2
5634 2
5635 2
5636 1
5637 1
5638 1
5639 1
5640 1
5641 1
5642 2
5643 1
5644 2
5645 2
5646 2
5647 2
5648 1
5649 1
5650 2
5651 1
5652 1
5653 2
5654 2
5655 2
5656 2
5657 2
5658 1
5659 1
5660 1
5661 2
5662 2
5663 1
5664 2
5665 1
5666 2
5667 1
5668 2
5669 1
5670 1
5671 1
5672 1
5673 2
5674 2
5675 1
5676 1
5677 1
5678 1
5679 1
5680 2
5681 1
5682 2
5683 2
5684 2
5685 1
5686 1
5687 1
5688 1
5689 1
5690 1
5691 1
5692 2
5693 1
5694 1
5695 2
5696 2
5697 2
5698 1
5699 1
5700 1
5701 1
5702 1
5703 2
5704 1
5705 2
5706 1
5707 1
5708 1
5709 2
5710 2
5711 2
5712 2
5713 1
5714 2
5715 1
5716 1
5717 2
5718 1
5719 2
5720 1
5721 2
5722 1
5723 1
5724 2
5725 2
5726 2
5727 2
5728 1
5729 2
5730 1
5731 2
5732 1
5733 1
5734 2
5735 1
5736 2
5737 2
5738 1
5739 1
5740 2
5741 2
5742 2
5743 1
5744 2
5745 1
5746 1
5747 2
5748 2
5749 2
5750 1
5751 2
5752 1
5753 1
5754 1
5755 1
5756 2
5757 2
5758 1
5759 1
5760 2
5761 1
5762 2
5763 2
5764 1
5765 1
5766 1
5767 2
5768 1
5769 2
5770 1
5771 2
5772 2
5773 2
5774 1
5775 1
5776 2
5777 1
5778 1
5779 2
5780 1
5781 1
5782 2
5783 2
5784 1
5785 2
5786 1
5787 2
5788 1
5789 2
5790 2
5791 1
5792 2
5793 2
5794 1
5795 1
5796 1
5797 2
5798 1
5799 1
5800 1
5801 1
5802 1
5803 1
5804 1
5805 1
5806 2
5807 2
5808 1
5809 2
5810 1
5811 1
5812 2
5813 1
5814 1
5815 1
5816 2
5817 1
5818 1
5819 2
5820 2
5821 1
5822 2
5823 1
5824 2
5825 1
5826 2
5827 1
5828 2
5829 1
5830 1
5831 1
5832 1
5833 2
5834 1
5835 1
5836 2
5837 1
5838 1
5839 1
5840 2
5841 2
5842 2
5843 2
5844 1
5845 2
5846 2
5847 2
5848 1
5849 1
5850 1
5851 2
5852 1
5853 1
5854 1
5855 2
5856 1
5857 2
5858 1
5859 2
5860 2
5861 2
5862 2
5863 1
5864 1
5865 1
5866 2
5867 2
5868 1
5869 1
5870 2
5871 2
5872 1
5873 1
5874 1
5875 2
5876 1
5877 1
5878 1
5879 1
5880 1
5881 1
5882 1
5883 2
5884 2
5885 2
5886 1
5887 2
5888 1
5889 2
5890 1
5891 2
5892 1
5893 1
5894 1
5895 1
5896 1
5897 1
5898 1
5899 1
5900 2
5901 1
5902 1
5903 1
5904 1
5905 1
5906 1
5907 1
5908 1
5909 1
5910 2
5911 1
5912 1
5913 2
5914 2
5915 2
5916 1
5917 1
5918 2
5919 1
5920 2
5921 2
5922 1
5923 2
5924 2
5925 2
5926 1
5927 1
5928 2
5929 2
5930 1
5931 1
5932 1
5933 1
5934 2
5935 1
5936 2
5937 1
5938 1
5939 2
5940 1
5941 1
5942 2
5943 1
5944 1
5945 1
5946 1
5947 2
5948 2
5949 1
5950 2
5951 2
5952 2
5953 2
5954 2
5955 2
5956 1
5957 2
5958 1
5959 1
5960 1
5961 2
5962 1
5963 2
5964 2
5965 2
5966 1
5967 1
5968 1
5969 2
5970 2
5971 1
5972 1
5973 1
5974 1
5975 1
5976 1
5977 1
5978 1
5979 1
5980 1
5981 2
5982 2
5983 2
5984 2
5985 1
5986 2
5987 1
5988 2
5989 1
5990 2
5991 2
5992 1
5993 1
5994 1
5995 2
5996 1
5997 1
5998 1
5999 2
6000 1
6001 2
6002 1
6003 2
6004 2
6005 2
6006 1
6007 1
6008 2
6009 2
6010 2
6011 1
6012 1
6013 2
6014 1
6015 1
6016 1
6017 1
6018 2
6019 1
6020 1
6021 2
6022 1
6023 1
6024 1
6025 1
6026 2
6027 2
6028 1
6029 1
6030 1
6031 1
6032 1
6033 2
6034 2
6035 1
6036 1
6037 2
6038 2
6039 1
6040 2
6041 2
6042 1
6043 1
6044 2
6045 1
6046 1
6047 1
6048 2
6049 1
6050 2
6051 1
6052 1
6053 1
6054 2
6055 1
6056 2
6057 1
6058 2
6059 2
6060 1
6061 1
6062 2
6063 2
6064 1
6065 2
6066 2
6067 2
6068 1
6069 1
6070 2
6071 2
6072 1
6073 1
6074 2
6075 2
6076 2
6077 1
6078 1
6079 1
6080 1
6081 1
6082 1
6083 2
6084 2
6085 2
6086 2
6087 1
6088 2
6089 1
6090 1
6091 2
6092 1
6093 2
6094 1
6095 1
6096 1
6097 2
6098 1
6099 1
6100 1
6101 2
6102 1
6103 1
6104 1
6105 1
6106 1
6107 2
6108 1
6109 2
6110 1
6111 2
6112 2
6113 2
6114 2
6115 1
6116 1
6117 2
6118 2
6119 1
6120 2
6121 1
6122 1
6123 2
6124 1
6125 1
6126 2
6127 1
6128 1
6129 2
6130 2
6131 1
6132 2
6133 2
6134 2
6135 1
6136 2
6137 1
6138 2
6139 2
6140 2
6141 1
6142 1
6143 1
6144 1
6145 2
6146 2
6147 1
6148 2
6149 1
6150 1
6151 2
6152 1
6153 1
6154 2
6155 1
6156 1
6157 1
6158 1
6159 2
6160 1
6161 2
6162 2
6163 2
6164 1
6165 1
6166 1
6167 2
6168 1
6169 2
6170 1
6171 1
6172 1
6173 2
6174 2
6175 1
6176 1
6177 1
6178 1
6179 2
6180 1
6181 1
6182 1
6183 1
6184 1
6185 2
6186 1
6187 1
6188 1
6189 1
6190 2
6191 2
6192 1
6193 1
6194 2
6195 1
6196 2
6197 2
6198 1
6199 2
6200 1
6201 2
6202 1
6203 2
6204 1
6205 1
6206 2
6207 1
6208 2
6209 1
6210 2
6211 1
6212 2
6213 2
6214 2
6215 1
6216 1
6217 1
6218 1
6219 1
6220 1
6221 1
6222 1
6223 2
6224 2
6225 1
6226 2
6227 1
6228 2
6229 1
6230 1
6231 2
6232 1
6233 2
6234 1
6235 1
6236 2
6237 1
6238 2
6239 1
6240 1
6241 2
6242 1
6243 1
6244 1
6245 1
6246 1
6247 1
6248 2
6249 1
6250 2
6251 1
6252 1
6253 2
6254 2
6255 2
6256 2
6257 1
6258 2
6259 2
6260 1
6261 2
6262 1
6263 1
6264 2
6265 2
6266 2
6267 2
6268 2
6269 1
6270 1
6271 1
6272 2
6273 1
6274 1
6275 1
6276 1
6277 1
6278 1
6279 2
6280 2
6281 1
6282 1
6283 2
6284 2
6285 1
6286 2
6287 2
6288 1
6289 2
6290 1
6291 2
6292 1
6293 1
6294 1
6295 1
6296 2
6297 2
6298 1
6299 1
6300 1
6301 2
6302 1
6303 1
6304 1
6305 2
6306 1
6307 2
6308 1
6309 1
6310 1
6311 1
6312 1
6313 1
6314 1
6315 1
6316 1
6317 2
6318 1
6319 2
6320 2
6321 2
6322 1
6323 1
6324 2
6325 1
6326 1
6327 2
6328 1
6329 2
6330 2
6331 2
6332 2
6333 1
6334 2
6335 1
6336 1
6337 2
6338 1
6339 2
6340 2
6341 2
6342 2
6343 2
6344 2
6345 1
6346 2
6347 1
6348 1
6349 1
6350 2
6351 1
6352 1
6353 1
6354 2
6355 1
6356 1
6357 1
6358 1
6359 1
6360 1
6361 1
6362 2
6363 1
6364 1
6365 2
6366 2
6367 2
6368 2
6369 1
6370 2
6371 2
6372 2
6373 2
6374 1
6375 2
6376 1
6377 1
6378 1
6379 2
6380 1
6381 2
6382 2
6383 1
6384 1
6385 2
6386 1
6387 1
6388 1
6389 2
6390 1
6391 1
6392 1
6393 1
6394 1
6395 1
6396 1
6397 1
6398 2
6399 2
6400 2
6401 1
6402 2
6403 2
6404 1
6405 1
6406 1
6407 1
6408 2
6409 1
6410 2
6411 2
6412 1
6413 2
6414 2
6415 2
6416 1
6417 2
6418 2
6419 2
6420 1
6421 1
6422 2
6423 2
6424 1
6425 2
6426 1
6427 1
6428 1
6429 2
6430 1
6431 2
6432 1
6433 1
6434 2
6435 2
6436 1
6437 2
6438 1
6439 1
6440 1
6441 1
6442 1
6443 2
6444 1
6445 2
6446 1
6447 1
6448 1
6449 1
6450 2
6451 1
6452 1
6453 1
6454 1
6455 1
6456 1
6457 1
6458 2
6459 1
6460 2
6461 2
6462 1
6463 1
6464 1
6465 1
6466 2
6467 1
6468 1
6469 1
6470 1
6471 1
6472 1
6473 1
6474 2
6475 2
6476 2
6477 2
6478 2
6479 2
6480 1
6481 2
6482 1
6483 2
6484 2
6485 1
6486 2
6487 1
6488 2
6489 1
6490 2
6491 2
6492 1
6493 1
6494 1
6495 2
6496 2
6497 1
6498 2
6499 2
6500 1
6501 2
6502 2
6503 2
6504 2
6505 1
6506 2
6507 2
6508 2
6509 1
6510 1
6511 1
6512 2
6513 1
6514 1
6515 2
6516 1
6517 2
6518 2
6519 1
6520 2
6521 1
6522 1
6523 1
6524 2
6525 2
6526 2
6527 1
6528 1
6529 1
6530 1
6531 1
6532 2
6533 1
6534 2
6535 1
6536 2
6537 2
6538 2
6539 1
6540 2
6541 1
6542 2
6543 1
6544 1
6545 2
6546 1
6547 1
6548 1
6549 1
6550 1
6551 1
6552 1
6553 1
6554 1
6555 2
6556 1
6557 2
6558 2
6559 1
6560 1
6561 2
6562 1
6563 1
6564 2
6565 1
6566 2
6567 2
6568 2
6569 1
6570 2
6571 2
6572 2
6573 1
6574 2
6575 2
6576 1
6577 1
6578 1
6579 1
6580 2
6581 2
6582 1
6583 1
6584 1
6585 1
6586 1
6587 1
6588 1
6589 1
6590 1
6591 1
6592 1
6593 1
6594 2
6595 1
6596 1
6597 2
6598 2
6599 2
6600 1
6601 2
6602 1
6603 2
6604 1
6605 1
6606 2
6607 1
6608 1
6609 1
6610 1
6611 2
6612 1
6613 1
6614 2
6615 2
6616 2
6617 2
6618 1
6619 1
6620 2
6621 2
6622 2
6623 2
6624 1
6625 2
6626 1
6627 2
6628 1
6629 2
6630 1
6631 1
6632 1
6633 2
6634 2
6635 2
6636 1
6637 2
6638 2
6639 1
6640 2
6641 2
6642 1
6643 1
6644 1
6645 1
6646 1
6647 2
6648 1
6649 2
6650 2
6651 1
6652 1
6653 1
6654 2
6655 1
6656 1
6657 2
6658 2
6659 2
6660 2
6661 2
6662 1
6663 2
6664 1
6665 2
6666 1
6667 1
6668 1
6669 2
6670 1
6671 1
6672 2
6673 2
6674 1
6675 2
6676 1
6677 2
6678 2
6679 1
6680 1
6681 1
6682 1
6683 2
6684 1
6685 2
6686 1
6687 2
6688 1
6689 1
6690 1
6691 2
6692 2
6693 2
6694 1
6695 1
6696 1
6697 2
6698 2
6699 2
6700 1
6701 2
6702 2
6703 2
6704 2
6705 1
6706 1
6707 2
6708 1
6709 1
6710 2
6711 2
6712 1
6713 1
6714 1
6715 1
6716 1
6717 1
6718 1
6719 2
6720 2
6721 2
6722 2
6723 2
6724 1
6725 1
6726 1
6727 1
6728 1
6729 1
6730 2
6731 2
6732 1
6733 1
6734 2
6735 2
6736 2
6737 2
6738 1
6739 1
6740 1
6741 2
6742 1
6743 1
6744 2
6745 1
6746 1
6747 1
6748 1
6749 2
6750 2
6751 1
6752 2
6753 2
6754 2
6755 2
6756 1
6757 1
6758 2
6759 2
6760 1
6761 2
6762 1
6763 1
6764 1
6765 1
6766 2
6767 1
6768 1
6769 1
6770 1
6771 1
6772 2
6773 1
6774 1
6775 1
6776 1
6777 1
6778 1
6779 2
6780 1
6781 2
6782 1
6783 1
6784 1
6785 2
6786 2
6787 1
6788 2
6789 1
6790 2
6791 1
6792 1
6793 2
6794 1
6795 2
6796 1
6797 1
6798 2
6799 1
6800 2
6801 2
6802 1
6803 1
6804 2
6805 1
6806 1
6807 1
6808 1
6809 1
6810 2
6811 1
6812 1
6813 2
6814 2
6815 1
6816 1
6817 1
6818 1
6819 2
6820 1
6821 2
6822 1
6823 1
6824 2
6825 1
6826 2
6827 1
6828 1
6829 1
6830 2
6831 2
6832 1
6833 2
6834 2
6835 1
6836 1
6837 1
6838 1
6839 2
6840 1
6841 2
6842 1
6843 2
6844 2
6845 1
6846 2
6847 2
6848 1
6849 2
6850 1
6851 2
6852 1
6853 1
6854 2
6855 2
6856 2
6857 1
6858 1
6859 2
6860 1
6861 1
6862 1
6863 1
6864 1
6865 2
6866 1
6867 2
6868 1
6869 2
6870 1
6871 1
6872 2
6873 1
6874 1
6875 1
6876 1
6877 1
6878 2
6879 1
6880 2
6881 1
6882 2
6883 1
6884 1
6885 1
6886 2
6887 1
6888 1
6889 2
6890 1
6891 1
6892 2
6893 1
6894 1
6895 1
6896 1
6897 1
6898 1
6899 2
6900 1
6901 1
6902 1
6903 2
6904 2
6905 1
6906 2
6907 2
6908 2
6909 1
6910 2
6911 2
6912 1
6913 1
6914 2
6915 1
6916 2
6917 2
6918 2
6919 1
6920 2
6921 1
6922 1
6923 1
6924 1
6925 2
6926 2
6927 2
6928 2
6929 2
6930 1
6931 1
6932 1
6933 1
6934 2
6935 2
6936 2
6937 2
6938 1
6939 2
6940 1
6941 2
6942 1
6943 1
6944 1
6945 2
6946 1
6947 2
6948 1
6949 2
6950 1
6951 1
6952 1
6953 1
6954 2
6955 2
6956 2
6957 2
6958 1
6959 2
6960 2
6961 1
6962 1
6963 1
6964 1
6965 1
6966 2
6967 2
6968 1
6969 2
6970 2
6971 1
6972 1
6973 1
6974 1
6975 2
6976 1
6977 1
6978 2
6979 1
6980 2
6981 1
6982 2
6983 2
6984 2
6985 2
6986 2
6987 1
6988 2
6989 2
6990 1
6991 2
6992 1
6993 1
6994 2
6995 1
6996 1
6997 1
6998 1
6999 1
7000 2
7001 2
7002 1
7003 1
7004 1
7005 1
7006 2
7007 1
7008 1
7009 1
7010 2
7011 1
7012 1
7013 1
7014 2
7015 1
7016 1
7017 1
7018 1
7019 2
7020 2
7021 1
7022 1
7023 1
7024 1
7025 2
7026 2
7027 2
7028 2
7029 2
7030 2
7031 1
7032 2
7033 2
7034 1
7035 2
7036 2
7037 2
7038 2
7039 1
7040 1
7041 1
7042 2
7043 1
7044 1
7045 1
7046 2
7047 1
7048 2
7049 2
7050 1
7051 1
7052 1
7053 2
7054 1
7055 1
7056 2
7057 1
7058 1
7059 2
7060 1
7061 2
7062 2
7063 1
7064 2
7065 2
7066 1
7067 1
7068 1
7069 2
7070 2
7071 2
7072 1
7073 2
7074 1
7075 2
7076 1
7077 1
7078 1
7079 1
7080 2
7081 2
7082 2
7083 1
7084 1
7085 1
7086 2
7087 1
7088 1
7089 1
7090 1
7091 1
7092 1
7093 1
7094 1
7095 2
7096 1
7097 1
7098 2
7099 1
7100 2
7101 2
7102 1
7103 2
7104 1
7105 1
7106 1
7107 2
7108 1
7109 1
7110 1
7111 1
7112 1
7113 1
7114 1
7115 2
7116 2
7117 1
7118 1
7119 1
7120 1
7121 1
7122 1
7123 2
7124 1
7125 1
7126 1
7127 2
7128 2
7129 1
7130 1
7131 1
7132 1
7133 2
7134 2
7135 1
7136 2
7137 1
7138 2
7139 1
7140 1
7141 2
7142 1
7143 1
7144 1
7145 2
7146 2
7147 1
7148 2
7149 2
7150 1
7151 1
7152 1
7153 1
7154 1
7155 1
7156 2
7157 2
7158 1
7159 1
7160 1
7161 1
7162 1
7163 1
7164 1
7165 1
7166 1
7167 1
7168 1
7169 1
7170 2
7171 1
7172 1
7173 1
7174 2
7175 2
7176 2
7177 1
7178 2
7179 2
7180 1
7181 2
7182 2
7183 1
7184 1
7185 2
7186 2
7187 2
7188 1
7189 1
7190 2
7191 1
7192 1
7193 1
7194 1
7195 1
7196 2
7197 2
7198 2
7199 1
7200 1
7201 2
7202 1
7203 1
7204 1
7205 1
7206 2
7207 2
7208 2
7209 1
7210 1
7211 1
7212 2
7213 1
7214 1
7215 1
7216 1
7217 1
7218 2
7219 2
7220 1
7221 1
7222 2
7223 1
7224 1
7225 2
7226 2
7227 1
7228 1
7229 1
7230 1
7231 2
7232 2
7233 1
7234 1
7235 2
7236 2
7237 1
7238 2
7239 2
7240 2
7241 1
7242 1
7243 1
7244 2
7245 1
7246 2
7247 1
7248 2
7249 2
7250 2
7251 1
7252 1
7253 1
7254 2
7255 2
7256 1
7257 1
7258 1
7259 2
7260 1
7261 2
7262 1
7263 2
7264 2
7265 1
7266 2
7267 2
7268 2
7269 1
7270 1
7271 2
7272 2
7273 1
7274 1
7275 1
7276 2
7277 2
7278 2
7279 2
7280 1
7281 1
7282 2
7283 1
7284 1
7285 1
7286 2
7287 1
7288 2
7289 1
7290 2
7291 1
7292 1
7293 1
7294 1
7295 1
7296 1
7297 1
7298 1
7299 2
7300 1
7301 2
7302 1
7303 1
7304 2
7305 1
7306 2
7307 2
7308 2
7309 2
7310 2
7311 2
7312 2
7313 2
7314 1
7315 1
7316 1
7317 1
7318 2
7319 1
7320 2
7321 1
7322 2
7323 1
7324 1
7325 2
7326 2
7327 1
7328 1
7329 1
7330 1
7331 1
7332 2
7333 2
7334 2
7335 1
7336 2
7337 2
7338 2
7339 2
7340 2
7341 2
7342 2
7343 1
7344 1
7345 2
7346 2
7347 2
7348 1
7349 1
7350 2
7351 1
7352 1
7353 2
7354 1
7355 1
7356 1
7357 2
7358 1
7359 2
7360 2
7361 1
7362 2
7363 1
7364 2
7365 2
7366 2
7367 1
7368 1
7369 2
7370 2
7371 1
7372 2
7373 1
7374 2
7375 1
7376 2
7377 1
7378 1
7379 1
7380 2
7381 1
7382 2
7383 1
7384 1
7385 2
7386 1
7387 2
7388 1
7389 2
7390 1
7391 1
7392 2
7393 2
7394 1
7395 1
7396 1
7397 1
7398 1
7399 2
7400 2
7401 2
7402 2
7403 1
7404 1
7405 1
7406 2
7407 1
7408 1
7409 2
7410 2
7411 1
7412 1
7413 1
7414 2
7415 1
7416 2
7417 2
7418 1
7419 2
7420 2
7421 2
7422 2
7423 2
7424 1
7425 1
7426 1
7427 1
7428 1
7429 1
7430 1
7431 1
7432 1
7433 1
7434 2
7435 1
7436 1
7437 1
7438 1
7439 1
7440 1
7441 2
7442 1
7443 2
7444 1
7445 2
7446 2
7447 2
7448 2
7449 2
7450 2
7451 2
7452 1
7453 1
7454 2
7455 1
7456 2
7457 2
7458 2
7459 1
7460 1
7461 1
7462 2
7463 2
7464 1
7465 1
7466 2
7467 2
7468 1
7469 1
7470 2
7471 1
7472 1
7473 2
7474 2
7475 2
7476 2
7477 1
7478 2
7479 1
7480 1
7481 1
7482 1
7483 2
7484 1
7485 1
7486 1
7487 2
7488 2
7489 2
7490 1
7491 2
7492 2
7493 2
7494 1
7495 1
7496 2
7497 2
7498 1
7499 1
7500 2
7501 2
7502 2
7503 1
7504 1
7505 2
7506 1
7507 1
7508 1
7509 1
7510 1
7511 1
7512 2
7513 2
7514 1
7515 1
7516 2
7517 1
7518 2
7519 1
7520 1
7521 2
7522 2
7523 1
7524 1
7525 1
7526 2
7527 1
7528 1
7529 2
7530 2
7531 2
7532 1
7533 1
7534 1
7535 1
7536 1
7537 1
7538 1
7539 1
7540 1
7541 1
7542 2
7543 1
7544 1
7545 1
7546 1
7547 1
7548 1
7549 1
7550 2
7551 1
7552 1
7553 1
7554 1
7555 1
7556 1
7557 1
7558 1
7559 1
7560 2
7561 2
7562 2
7563 2
7564 1
7565 1
7566 2
7567 1
7568 2
7569 1
7570 1
7571 1
7572 1
7573 1
7574 2
7575 2
7576 1
7577 2
7578 1
7579 1
7580 1
7581 1
7582 1
7583 2
7584 1
7585 1
7586 2
7587 1
7588 1
7589 2
7590 1
7591 1
7592 2
7593 2
7594 1
7595 1
7596 2
7597 1
7598 1
7599 2
7600 1
7601 2
7602 2
7603 1
7604 1
7605 1
7606 1
7607 1
7608 1
7609 1
7610 1
7611 1
7612 2
7613 1
7614 1
7615 1
7616 1
7617 2
7618 2
7619 2
7620 2
7621 2
7622 1
7623 1
7624 2
7625 1
7626 2
7627 1
7628 2
7629 1
7630 1
7631 2
7632 2
7633 1
7634 2
7635 2
7636 1
7637 2
7638 1
7639 1
7640 1
7641 2
7642 2
7643 1
7644 1
7645 1
7646 1
7647 1
7648 1
7649 1
7650 1
7651 1
7652 1
7653 1
7654 2
7655 2
7656 1
7657 1
7658 2
7659 1
7660 2
7661 2
7662 2
7663 1
7664 2
7665 1
7666 1
7667 1
7668 2
7669 2
7670 1
7671 1
7672 1
7673 1
7674 1
7675 2
7676 1
7677 2
7678 1
7679 1
7680 2
7681 2
7682 2
7683 1
7684 1
7685 1
7686 1
7687 2
7688 2
7689 1
7690 1
7691 2
7692 2
7693 1
7694 1
7695 2
7696 1
7697 1
7698 1
7699 1
7700 2
7701 2
7702 2
7703 1
7704 1
7705 1
7706 2
7707 1
7708 2
7709 1
7710 2
7711 1
7712 2
7713 2
7714 1
7715 1
7716 2
7717 1
7718 2
7719 1
7720 1
7721 2
7722 1
7723 1
7724 2
7725 1
7726 1
7727 1
7728 2
7729 2
7730 2
7731 2
7732 2
7733 1
7734 1
7735 1
7736 2
7737 2
7738 2
7739 2
7740 2
7741 1
7742 1
7743 2
7744 2
7745 1
7746 2
7747 1
7748 2
7749 2
7750 1
7751 2
7752 1
7753 2
7754 1
7755 2
7756 1
7757 1
7758 1
7759 1
7760 1
7761 1
7762 1
7763 2
7764 1
7765 1
7766 2
7767 2
7768 1
7769 1
7770 1
7771 1
7772 2
7773 1
7774 1
7775 2
7776 2
7777 2
7778 1
7779 1
7780 1
7781 1
7782 1
7783 2
7784 2
7785 1
7786 2
7787 1
7788 2
7789 1
7790 2
7791 2
7792 2
7793 2
7794 1
7795 1
7796 1
7797 1
7798 1
7799 2
7800 2
7801 2
7802 1
7803 1
7804 2
7805 1
7806 2
7807 2
7808 2
7809 2
7810 1
7811 2
7812 1
7813 1
7814 1
7815 2
7816 2
7817 1
7818 1
7819 2
7820 1
7821 2
7822 1
7823 1
7824 2
7825 2
7826 1
7827 2
7828 1
7829 1
7830 2
7831 1
7832 2
7833 1
7834 2
7835 2
7836 2
7837 1
7838 1
7839 1
7840 2
7841 2
7842 2
7843 2
7844 2
7845 1
7846 2
7847 1
7848 1
7849 2
7850 2
7851 2
7852 2
7853 1
7854 1
7855 2
7856 2
7857 2
7858 1
7859 2
7860 1
7861 2
7862 2
7863 2
7864 2
7865 1
7866 1
7867 1
7868 1
7869 1
7870 1
7871 1
7872 2
7873 1
7874 2
7875 2
7876 1
7877 1
7878 1
7879 1
7880 2
7881 1
7882 1
7883 2
7884 1
7885 2
7886 1
7887 1
7888 1
7889 1
7890 2
7891 1
7892 1
7893 1
7894 1
7895 1
7896 1
7897 1
7898 2
7899 1
7900 1
7901 1
7902 1
7903 2
7904 1
7905 2
7906 1
7907 2
7908 2
7909 2
7910 2
7911 2
7912 1
7913 1
7914 2
7915 2
7916 2
7917 2
7918 1
7919 1
7920 1
7921 2
7922 1
7923 2
7924 1
7925 1
7926 2
7927 1
7928 2
7929 1
7930 1
7931 2
7932 2
7933 2
7934 1
7935 2
7936 2
7937 2
7938 1
7939 2
7940 2
7941 1
7942 2
7943 1
7944 1
7945 1
7946 1
7947 1
7948 2
7949 1
7950 1
7951 2
7952 2
7953 2
7954 1
7955 1
7956 2
7957 1
7958 1
7959 2
7960 1
7961 2
7962 2
7963 1
7964 1
7965 2
7966 1
7967 1
7968 1
7969 2
7970 1
7971 2
7972 2
7973 1
7974 1
7975 2
7976 1
7977 2
7978 2
7979 2
7980 1
7981 2
7982 1
7983 2
7984 2
7985 1
7986 2
7987 2
7988 2
7989 2
7990 2
7991 1
7992 2
7993 1
7994 2
7995 1
7996 2
7997 2
7998 2
7999 1
8000 1
8001 2
8002 1
8003 2
8004 2
8005 1
8006 1
8007 2
8008 1
8009 1
8010 2
8011 2
8012 1
8013 2
8014 1
8015 2
8016 1
8017 2
8018 2
8019 1
8020 1
8021 2
8022 1
8023 2
8024 1
8025 1
8026 2
8027 1
8028 1
8029 1
8030 2
8031 1
8032 1
8033 2
8034 1
8035 1
8036 1
8037 2
8038 1
8039 1
8040 2
8041 1
8042 1
8043 1
8044 1
8045 2
8046 2
8047 1
8048 1
8049 2
8050 1
8051 2
8052 1
8053 2
8054 1
8055 2
8056 1
8057 1
8058 2
8059 1
8060 2
8061 1
8062 2
8063 2
8064 2
8065 2
8066 2
8067 1
8068 2
8069 2
8070 2
8071 1
8072 1
8073 1
8074 1
8075 1
8076 1
8077 2
8078 2
8079 1
8080 1
8081 1
8082 1
8083 2
8084 1
8085 2
8086 1
8087 2
8088 2
8089 1
8090 2
8091 1
8092 2
8093 2
8094 1
8095 2
8096 1
8097 1
8098 1
8099 1
8100 1
8101 1
8102 1
8103 1
8104 2
8105 1
8106 2
8107 1
8108 2
8109 1
8110 1
8111 1
8112 2
8113 2
8114 2
8115 1
8116 2
8117 2
8118 1
8119 1
8120 1
8121 2
8122 1
8123 1
8124 1
8125 2
8126 1
8127 2
8128 2
8129 1
8130 1
8131 1
8132 1
8133 2
8134 1
8135 1
8136 2
8137 2
8138 2
8139 1
8140 1
8141 1
8142 2
8143 1
8144 2
8145 1
8146 1
8147 1
8148 2
8149 1
8150 1
8151 2
8152 2
8153 1
8154 1
8155 1
8156 2
8157 1
8158 1
8159 1
8160 2
8161 2
8162 1
8163 1
8164 2
8165 1
8166 2
8167 1
8168 1
8169 1
8170 1
8171 2
8172 1
8173 1
8174 2
8175 1
8176 2
8177 2
8178 2
8179 1
8180 1
8181 1
8182 1
8183 1
8184 2
8185 1
8186 2
8187 2
8188 1
8189 2
8190 1
8191 1
8192 1
8193 2
8194 1
8195 1
8196 2
8197 2
8198 1
8199 1
8200 2
8201 2
8202 1
8203 2
8204 1
8205 1
8206 1
8207 1
8208 2
8209 2
8210 2
8211 2
8212 1
8213 1
8214 2
8215 1
8216 1
8217 1
8218 2
8219 2
8220 2
8221 2
8222 2
8223 2
8224 1
8225 1
8226 1
8227 2
8228 2
8229 1
8230 1
8231 2
8232 1
8233 1
8234 2
8235 1
8236 1
8237 1
8238 1
8239 2
8240 1
8241 1
8242 1
8243 1
8244 1
8245 1
8246 1
8247 2
8248 2
8249 2
8250 2
8251 1
8252 1
8253 1
8254 1
8255 2
8256 1
8257 2
8258 2
8259 2
8260 1
8261 1
8262 1
8263 2
8264 1
8265 1
8266 1
8267 2
8268 1
8269 2
8270 1
8271 2
8272 1
8273 2
8274 1
8275 1
8276 1
8277 2
8278 2
8279 2
8280 1
8281 1
8282 2
8283 1
8284 2
8285 2
8286 1
8287 2
8288 1
8289 2
8290 2
8291 2
8292 1
8293 2
8294 1
8295 2
8296 1
8297 1
8298 1
8299 2
8300 2
8301 2
8302 2
8303 2
8304 2
8305 2
8306 2
8307 2
8308 2
8309 2
8310 2
8311 2
8312 2
8313 2
8314 1
8315 1
8316 2
8317 2
8318 1
8319 2
8320 2
8321 2
8322 1
8323 1
8324 1
8325 1
8326 2
8327 1
8328 1
8329 2
8330 2
8331 2
8332 1
8333 1
8334 1
8335 2
8336 1
8337 2
8338 1
8339 2
8340 1
8341 1
8342 1
8343 1
8344 2
8345 1
8346 1
8347 2
8348 1
8349 2
8350 1
8351 2
8352 1
8353 2
8354 1
8355 1
8356 2
8357 1
8358 1
8359 1
8360 1
8361 1
8362 2
8363 2
8364 1
8365 1
8366 2
8367 1
8368 2
8369 2
8370 1
8371 1
8372 1
8373 1
8374 2
8375 2
8376 2
8377 1
8378 1
8379 1
8380 1
8381 1
8382 1
8383 2
8384 1
8385 2
8386 1
8387 1
8388 2
8389 2
8390 1
8391 1
8392 2
8393 1
8394 1
8395 1
8396 2
8397 2
8398 2
8399 1
8400 2
8401 1
8402 2
8403 1
8404 1
8405 1
8406 1
8407 2
8408 2
8409 2
8410 1
8411 2
8412 1
8413 2
8414 1
8415 2
8416 1
8417 1
8418 2
8419 2
8420 2
8421 2
8422 2
8423 1
8424 1
8425 2
8426 2
8427 1
8428 1
8429 1
8430 1
8431 1
8432 1
8433 1
8434 2
8435 1
8436 2
8437 1
8438 2
8439 2
8440 2
8441 2
8442 1
8443 2
8444 1
8445 1
8446 2
8447 2
8448 1
8449 1
8450 1
8451 2
8452 1
8453 1
8454 2
8455 2
8456 2
8457 1
8458 1
8459 1
8460 2
8461 2
8462 2
8463 2
8464 2
8465 1
8466 2
8467 1
8468 1
8469 2
8470 1
8471 2
8472 2
8473 2
8474 1
8475 2
8476 1
8477 1
8478 1
8479 1
8480 1
8481 2
8482 1
8483 1
8484 1
8485 1
8486 2
8487 2
8488 2
8489 2
8490 1
8491 1
8492 1
8493 2
8494 1
8495 1
8496 1
8497 1
8498 1
8499 1
8500 2
8501 2
8502 1
8503 2
8504 2
8505 1
8506 1
8507 2
8508 1
8509 2
8510 1
8511 1
8512 2
8513 1
8514 1
8515 1
8516 1
8517 2
8518 1
8519 2
8520 1
8521 2
8522 1
8523 1
8524 1
8525 2
8526 2
8527 2
8528 1
8529 2
8530 2
8531 1
8532 2
8533 1
8534 2
8535 1
8536 1
8537 1
8538 1
8539 2
8540 2
8541 2
8542 1
8543 2
8544 2
8545 1
8546 1
8547 2
8548 1
8549 2
8550 2
8551 2
8552 1
8553 1
8554 2
8555 1
8556 1
8557 2
8558 1
8559 2
8560 2
8561 1
8562 2
8563 2
8564 1
8565 1
8566 2
8567 1
8568 1
8569 1
8570 1
8571 1
8572 2
8573 1
8574 1
8575 1
8576 2
8577 2
8578 1
8579 2
8580 1
8581 1
8582 2
8583 1
8584 2
8585 1
8586 2
8587 1
8588 1
8589 2
8590 2
8591 2
8592 2
8593 1
8594 2
8595 2
8596 2
8597 2
8598 1
8599 1
8600 1
8601 2
8602 1
8603 2
8604 1
8605 2
8606 1
8607 2
8608 1
8609 2
8610 1
8611 1
8612 1
8613 2
8614 1
8615 2
8616 1
8617 1
8618 1
8619 1
8620 1
8621 1
8622 2
8623 2
8624 1
8625 2
8626 1
8627 1
8628 2
8629 1
8630 2
8631 1
8632 1
8633 1
8634 1
8635 2
8636 2
8637 2
8638 1
8639 2
8640 1
8641 2
8642 2
8643 2
8644 2
8645 1
8646 1
8647 1
8648 1
8649 1
8650 1
8651 1
8652 2
8653 1
8654 2
8655 2
8656 2
8657 2
8658 1
8659 1
8660 1
8661 1
8662 2
8663 1
8664 1
8665 2
8666 2
8667 1
8668 1
8669 1
8670 1
8671 1
8672 1
8673 2
8674 2
8675 2
8676 2
8677 2
8678 2
8679 1
8680 1
8681 2
8682 2
8683 1
8684 1
8685 1
8686 1
8687 2
8688 1
8689 2
8690 1
8691 2
8692 2
8693 1
8694 2
8695 1
8696 1
8697 1
8698 2
8699 1
8700 2
8701 1
8702 2
8703 1
8704 1
8705 2
8706 2
8707 1
8708 1
8709 1
8710 2
8711 2
8712 2
8713 2
8714 1
8715 1
8716 1
8717 2
8718 1
8719 2
8720 2
8721 1
8722 2
8723 1
8724 1
8725 2
8726 1
8727 1
8728 1
8729 1
8730 1
8731 1
8732 1
8733 1
8734 1
8735 1
8736 1
8737 1
8738 2
8739 1
8740 1
8741 1
8742 1
8743 1
8744 2
8745 2
8746 1
8747 1
8748 1
8749 1
8750 2
8751 2
8752 2
8753 1
8754 2
8755 1
8756 1
8757 2
8758 1
8759 2
8760 2
8761 1
8762 2
8763 1
8764 1
8765 2
8766 1
8767 1
8768 2
8769 2
8770 2
8771 1
8772 2
8773 2
8774 1
8775 1
8776 2
8777 2
8778 2
8779 2
8780 2
8781 1
8782 1
8783 1
8784 2
8785 2
8786 1
8787 2
8788 1
8789 2
8790 1
8791 2
8792 2
8793 2
8794 2
8795 2
8796 2
8797 1
8798 1
8799 2
8800 1
8801 2
8802 1
8803 2
8804 2
8805 1
8806 2
8807 1
8808 1
8809 1
8810 2
8811 2
8812 2
8813 2
8814 1
8815 1
8816 1
8817 2
8818 2
8819 1
8820 1
8821 1
8822 1
8823 1
8824 2
8825 1
8826 1
8827 2
8828 1
8829 2
8830 1
8831 2
8832 2
8833 1
8834 1
8835 1
8836 2
8837 1
8838 1
8839 1
8840 2
8841 2
8842 2
8843 1
8844 1
8845 1
8846 2
8847 2
8848 2
8849 2
8850 1
8851 2
8852 1
8853 2
8854 1
8855 1
8856 1
8857 2
8858 1
8859 1
8860 1
8861 1
8862 1
8863 2
8864 2
8865 1
8866 1
8867 2
8868 1
8869 1
8870 1
8871 1
8872 1
8873 1
8874 1
8875 1
8876 1
8877 2
8878 1
8879 2
8880 1
8881 2
8882 2
8883 1
8884 1
8885 2
8886 1
8887 1
8888 2
8889 2
8890 2
8891 2
8892 2
8893 1
8894 2
8895 1
8896 2
8897 1
8898 1
8899 1
8900 2
8901 2
8902 1
8903 1
8904 2
8905 1
8906 2
8907 1
8908 2
8909 1
8910 2
8911 2
8912 2
8913 2
8914 1
8915 1
8916 2
8917 2
8918 1
8919 2
8920 1
8921 1
8922 1
8923 2
8924 2
8925 1
8926 2
8927 2
8928 1
8929 2
8930 2
8931 1
8932 2
8933 1
8934 1
8935 1
8936 2
8937 1
8938 2
8939 2
8940 1
8941 2
8942 2
8943 2
8944 2
8945 2
8946 2
8947 2
8948 2
8949 2
8950 1
8951 2
8952 2
8953 2
8954 1
8955 2
8956 1
8957 2
8958 2
8959 2
8960 2
8961 1
8962 1
8963 1
8964 2
8965 1
8966 2
8967 1
8968 2
8969 2
8970 2
8971 1
8972 1
8973 1
8974 1
8975 2
8976 1
8977 1
8978 1
8979 1
8980 1
8981 1
8982 2
8983 1
8984 1
8985 1
8986 2
8987 2
8988 1
8989 1
8990 1
8991 2
8992 2
8993 1
8994 2
8995 1
8996 1
8997 1
8998 1
8999 1
9000 1
9001 1
9002 1
9003 2
9004 2
9005 2
9006 1
9007 1
9008 1
9009 2
9010 2
9011 2
9012 2
9013 2
9014 2
9015 2
9016 1
9017 2
9018 1
9019 1
9020 1
9021 1
9022 1
9023 2
9024 1
9025 1
9026 1
9027 2
9028 1
9029 1
9030 2
9031 1
9032 1
9033 2
9034 2
9035 1
9036 1
9037 2
9038 1
9039 2
9040 2
9041 1
9042 1
9043 1
9044 1
9045 1
9046 1
9047 1
9048 1
9049 1
9050 1
9051 2
9052 2
9053 1
9054 1
9055 2
9056 2
9057 2
9058 2
9059 1
9060 1
9061 1
9062 1
9063 1
9064 1
9065 1
9066 1
9067 1
9068 1
9069 1
9070 1
9071 1
9072 2
9073 1
9074 1
9075 2
9076 1
9077 2
9078 1
9079 2
9080 2
9081 1
9082 2
9083 2
9084 2
9085 2
9086 1
9087 2
9088 1
9089 2
9090 1
9091 1
9092 1
9093 2
9094 1
9095 1
9096 1
9097 1
9098 1
9099 1
9100 1
9101 1
9102 2
9103 2
9104 2
9105 2
9106 1
9107 1
9108 2
9109 1
9110 2
9111 1
9112 1
9113 1
9114 1
9115 1
9116 2
9117 1
9118 2
9119 1
9120 2
9121 2
9122 1
9123 1
9124 1
9125 2
9126 2
9127 1
9128 2
9129 1
9130 2
9131 2
9132 2
9133 2
9134 1
9135 2
9136 1
9137 2
9138 1
9139 1
9140 1
9141 1
9142 2
9143 1
9144 2
9145 1
9146 1
9147 2
9148 2
9149 2
9150 1
9151 1
9152 1
9153 2
9154 2
9155 1
9156 2
9157 1
9158 2
9159 2
9160 1
9161 1
9162 2
9163 2
9164 1
9165 2
9166 1
9167 1
9168 2
9169 2
9170 1
9171 2
9172 1
9173 2
9174 2
9175 2
9176 2
9177 1
9178 1
9179 2
9180 1
9181 1
9182 1
9183 1
9184 1
9185 2
9186 1
9187 1
9188 1
9189 1
9190 1
9191 2
9192 1
9193 1
9194 2
9195 2
9196 1
9197 1
9198 1
9199 1
9200 2
9201 2
9202 2
9203 1
9204 2
9205 2
9206 1
9207 1
9208 2
9209 2
9210 2
9211 1
9212 1
9213 2
9214 1
9215 2
9216 1
9217 1
9218 1
9219 1
9220 2
9221 1
9222 2
9223 1
9224 2
9225 2
9226 1
9227 2
9228 1
9229 1
9230 1
9231 2
9232 2
9233 1
9234 2
9235 1
9236 2
9237 1
9238 1
9239 2
9240 2
9241 1
9242 2
9243 1
9244 2
9245 1
9246 1
9247 1
9248 2
9249 1
9250 1
9251 1
9252 1
9253 1
9254 1
9255 1
9256 1
9257 1
9258 2
9259 2
9260 2
9261 1
9262 1
9263 2
9264 1
9265 2
9266 2
9267 1
9268 1
9269 2
9270 1
9271 1
9272 1
9273 1
9274 1
9275 2
9276 2
9277 2
9278 2
9279 2
9280 1
9281 2
9282 2
9283 1
9284 1
9285 1
9286 1
9287 1
9288 2
9289 1
9290 1
9291 1
9292 1
9293 2
9294 1
9295 2
9296 2
9297 1
9298 1
9299 1
9300 1
9301 2
9302 1
9303 1
9304 1
9305 2
9306 1
9307 1
9308 2
9309 1
9310 1
9311 1
9312 1
9313 1
9314 1
9315 2
9316 2
9317 1
9318 1
9319 1
9320 2
9321 2
9322 2
9323 1
9324 1
9325 1
9326 2
9327 2
9328 1
9329 2
9330 2
9331 2
9332 2
9333 2
9334 1
9335 2
9336 1
9337 2
9338 1
9339 1
9340 1
9341 1
9342 1
9343 2
9344 2
9345 1
9346 1
9347 2
9348 2
9349 1
9350 1
9351 2
9352 2
9353 2
9354 2
9355 2
9356 1
9357 1
9358 1
9359 1
9360 2
9361 1
9362 1
9363 1
9364 2
9365 1
9366 2
9367 1
9368 2
9369 1
9370 1
9371 1
9372 2
9373 2
9374 1
9375 1
9376 1
9377 1
9378 1
9379 2
9380 2
9381 2
9382 2
9383 2
9384 1
9385 2
9386 2
9387 1
9388 1
9389 2
9390 1
9391 2
9392 1
9393 2
9394 1
9395 1
9396 1
9397 1
9398 2
9399 1
9400 2
9401 1
9402 1
9403 1
9404 1
9405 1
9406 1
9407 1
9408 1
9409 2
9410 2
9411 1
9412 1
9413 1
9414 2
9415 1
9416 1
9417 1
9418 1
9419 1
9420 1
9421 1
9422 1
9423 2
9424 2
9425 1
9426 1
9427 1
9428 2
9429 1
9430 1
9431 1
9432 2
9433 1
9434 2
9435 1
9436 2
9437 2
9438 1
9439 1
9440 2
9441 2
9442 1
9443 1
9444 2
9445 1
9446 2
9447 2
9448 2
9449 2
9450 1
9451 1
9452 1
9453 1
9454 2
9455 2
9456 1
9457 1
9458 1
9459 2
9460 2
9461 1
9462 1
9463 2
9464 1
9465 2
9466 1
9467 2
9468 1
9469 1
9470 2
9471 1
9472 1
9473 1
9474 2
9475 1
9476 1
9477 2
9478 1
9479 1
9480 2
9481 1
9482 1
9483 2
9484 1
9485 2
9486 1
9487 1
9488 1
9489 2
9490 1
9491 2
9492 2
9493 2
9494 1
9495 1
9496 1
9497 1
9498 2
9499 2
9500 2
9501 2
9502 2
9503 1
9504 2
9505 1
9506 1
9507 1
9508 2
9509 2
9510 1
9511 2
9512 1
9513 2
9514 1
9515 1
9516 1
9517 1
9518 2
9519 2
9520 2
9521 2
9522 1
9523 2
9524 2
9525 2
9526 2
9527 2
9528 1
9529 1
9530 2
9531 2
9532 1
9533 1
9534 1
9535 1
9536 1
9537 1
9538 1
9539 2
9540 2
9541 2
9542 2
9543 2
9544 1
9545 1
9546 1
9547 1
9548 1
9549 1
9550 1
9551 2
9552 1
9553 1
9554 2
9555 1
9556 1
9557 2
9558 1
9559 2
9560 2
9561 1
9562 2
9563 2
9564 1
9565 2
9566 2
9567 1
9568 1
9569 2
9570 1
9571 2
9572 2
9573 1
9574 1
9575 2
9576 1
9577 1
9578 1
9579 2
9580 2
9581 1
9582 1
9583 1
9584 2
9585 1
9586 2
9587 2
9588 2
9589 1
9590 2
9591 2
9592 2
9593 2
9594 2
9595 1
9596 1
9597 2
9598 2
9599 2
9600 2
9601 2
9602 1
9603 2
9604 2
9605 1
9606 2
9607 2
9608 2
9609 1
9610 1
9611 1
9612 2
9613 1
9614 2
9615 2
9616 2
9617 1
9618 1
9619 1
9620 2
9621 1
9622 1
9623 2
9624 1
9625 1
9626 1
9627 2
9628 2
9629 2
9630 1
9631 1
9632 1
9633 2
9634 2
9635 2
9636 1
9637 1
9638 1
9639 2
9640 1
9641 2
9642 2
9643 1
9644 1
9645 1
9646 1
9647 1
9648 1
9649 2
9650 2
9651 1
9652 1
9653 1
9654 1
9655 1
9656 2
9657 1
9658 1
9659 1
9660 1
9661 1
9662 1
9663 1
9664 1
9665 2
9666 2
9667 2
9668 1
9669 1
9670 1
9671 2
9672 2
9673 2
9674 2
9675 1
9676 1
9677 1
9678 2
9679 2
9680 2
9681 1
9682 2
9683 1
9684 2
9685 1
9686 2
9687 2
9688 1
9689 1
9690 1
9691 1
9692 1
9693 1
9694 1
9695 2
9696 1
9697 1
9698 2
9699 2
9700 1
9701 2
9702 1
9703 2
9704 2
9705 1
9706 2
9707 2
9708 2
9709 1
9710 2
9711 1
9712 2
9713 2
9714 2
9715 2
9716 1
9717 2
9718 2
9719 2
9720 1
9721 1
9722 2
9723 1
9724 1
9725 2
9726 1
9727 1
9728 1
9729 1
9730 1
9731 1
9732 2
9733 1
9734 1
9735 1
9736 2
9737 2
9738 2
9739 1
9740 2
9741 1
9742 2
9743 1
9744 2
9745 2
9746 2
9747 1
9748 1
9749 2
9750 1
9751 2
9752 2
9753 1
9754 1
9755 1
9756 1
9757 1
9758 1
9759 2
9760 1
9761 1
9762 2
9763 1
9764 1
9765 1
9766 2
9767 1
9768 1
9769 1
9770 2
9771 1
9772 1
9773 2
9774 2
9775 1
9776 1
9777 1
9778 1
9779 1
9780 1
9781 1
9782 2
9783 1
9784 2
9785 1
9786 2
9787 1
9788 1
9789 1
9790 2
9791 1
9792 1
9793 1
9794 2
9795 2
9796 2
9797 1
9798 2
9799 1
9800 1
9801 2
9802 1
9803 2
9804 1
9805 2
9806 2
9807 1
9808 2
9809 1
9810 1
9811 2
9812 1
9813 2
9814 1
9815 2
9816 1
9817 2
9818 2
9819 1
9820 1
9821 1
9822 1
9823 2
9824 1
9825 1
9826 1
9827 1
9828 1
9829 1
9830 1
9831 2
9832 2
9833 2
9834 2
9835 2
9836 1
9837 1
9838 2
9839 1
9840 2
9841 2
9842 1
9843 2
9844 2
9845 1
9846 2
9847 1
9848 1
9849 1
9850 2
9851 2
9852 1
9853 2
9854 2
9855 2
9856 2
9857 1
9858 1
9859 2
9860 2
9861 1
9862 2
9863 1
9864 1
9865 1
9866 1
9867 2
9868 2
9869 2
9870 1
9871 1
9872 1
9873 1
9874 1
9875 1
9876 2
9877 1
9878 1
9879 2
9880 1
9881 2
9882 1
9883 2
9884 1
9885 1
9886 1
9887 1
9888 2
9889 2
9890 1
9891 1
9892 2
9893 2
9894 1
9895 1
9896 1
9897 1
9898 2
9899 1
9900 1
9901 2
9902 1
9903 1
9904 2
9905 1
9906 1
9907 2
9908 1
9909 1
9910 2
9911 2
9912 1
9913 1
9914 2
9915 1
9916 1
9917 1
9918 2
9919 1
9920 2
9921 1
9922 2
9923 1
9924 2
9925 1
9926 1
9927 2
9928 2
9929 1
9930 1
9931 1
9932 2
9933 2
9934 1
9935 2
9936 1
9937 1
9938 2
9939 1
9940 1
9941 2
9942 2
9943 2
9944 2
9945 2
9946 1
9947 2
9948 1
9949 2
9950 2
9951 2
9952 1
9953 1
9954 1
9955 1
9956 1
9957 1
9958 1
9959 2
9960 2
9961 2
9962 2
9963 2
9964 1
9965 1
9966 1
9967 1
9968 1
9969 1
9970 1
9971 1
9972 1
9973 1
9974 2
9975 1
9976 2
9977 2
9978 1
9979 1
9980 2
9981 1
9982 1
9983 1
9984 2
9985 1
9986 2
9987 1
9988 1
9989 1
9990 1
9991 1
9992 1
9993 2
9994 2
9995 1
9996 1
9997 1
9998 2
9999 1
10000 2
