1000 4374 
1 236 1
1 268 1
1 424 1
1 518 1
1 528 1
1 534 1
1 578 1
1 780 1
1 846 1
2 4 1
2 66 1
2 117 1
2 209 1
2 463 1
2 527 1
2 749 1
2 858 1
2 998 1
3 87 1
3 157 1
3 218 1
3 471 1
3 478 1
3 510 1
3 610 1
3 618 1
3 705 1
4 7 1
4 223 1
4 375 1
4 381 1
4 496 1
4 536 1
4 579 1
4 971 1
5 62 1
5 134 1
5 148 1
5 582 1
5 609 1
5 648 1
5 656 1
5 816 1
5 908 1
6 289 1
6 348 1
6 353 1
6 403 1
6 586 1
6 638 1
6 818 1
6 867 1
6 956 1
7 578 1
7 595 1
7 643 1
7 664 1
7 691 1
7 870 1
7 891 1
7 912 1
7 926 1
8 61 1
8 116 1
8 165 1
8 274 1
8 314 1
8 511 1
8 610 1
8 668 1
8 710 1
9 105 1
9 330 1
9 403 1
9 421 1
9 579 1
9 613 1
9 698 1
9 711 1
9 830 1
10 22 1
10 103 1
10 274 1
10 379 1
10 518 1
10 704 1
10 741 1
10 820 1
10 943 1
11 101 1
11 156 1
11 354 1
11 410 1
11 416 1
11 431 1
11 555 1
11 879 1
12 214 1
12 240 1
12 477 1
12 483 1
12 683 1
12 862 1
12 876 1
12 883 1
12 990 1
13 262 1
13 360 1
13 538 1
13 552 1
13 736 1
13 755 1
13 781 1
13 818 1
13 899 1
14 60 1
14 150 1
14 305 1
14 545 1
14 578 1
14 645 1
14 736 1
14 768 1
14 783 1
15 17 1
15 161 1
15 325 1
15 405 1
15 488 1
15 726 1
15 809 1
15 896 1
16 113 1
16 280 1
16 294 1
16 475 1
16 684 1
16 730 1
16 995 1
17 264 1
17 431 1
17 463 1
17 541 1
17 774 1
17 808 1
17 874 1
17 888 1
18 151 1
18 157 1
18 158 1
18 249 1
18 320 1
18 468 1
18 639 1
18 926 1
19 162 1
19 320 1
19 396 1
19 410 1
19 470 1
19 546 1
19 623 1
19 936 1
19 978 1
20 107 1
20 223 1
20 237 1
20 489 1
20 600 1
20 656 1
20 657 1
20 784 1
21 242 1
21 291 1
21 356 1
21 430 1
21 622 1
21 820 1
21 927 1
21 946 1
22 282 1
22 306 1
22 329 1
22 384 1
22 700 1
22 735 1
22 914 1
22 938 1
22 947 1
23 77 1
23 145 1
23 181 1
23 441 1
23 526 1
23 527 1
23 675 1
23 874 1
23 912 1
24 161 1
24 297 1
24 647 1
24 693 1
24 702 1
24 706 1
24 731 1
24 751 1
25 29 1
25 240 1
25 312 1
25 317 1
25 384 1
25 448 1
25 688 1
25 769 1
25 904 1
26 85 1
26 99 1
26 178 1
26 222 1
26 243 1
26 692 1
26 856 1
27 81 1
27 83 1
27 170 1
27 223 1
27 354 1
27 519 1
27 912 1
27 920 1
27 982 1
28 185 1
28 223 1
28 389 1
28 474 1
28 562 1
28 725 1
28 763 1
28 937 1
28 997 1
29 235 1
29 259 1
29 444 1
29 553 1
29 588 1
29 655 1
29 743 1
29 784 1
29 969 1
30 75 1
30 193 1
30 215 1
30 281 1
30 390 1
30 405 1
30 566 1
30 782 1
30 826 1
31 86 1
31 151 1
31 232 1
31 474 1
31 826 1
31 903 1
31 931 1
31 932 1
31 974 1
32 341 1
32 391 1
32 463 1
32 585 1
32 611 1
32 625 1
32 661 1
32 686 1
32 715 1
33 249 1
33 355 1
33 523 1
33 641 1
33 661 1
33 682 1
33 797 1
33 856 1
33 972 1
34 145 1
34 166 1
34 168 1
34 616 1
34 669 1
34 869 1
34 937 1
34 984 1
34 993 1
35 37 1
35 172 1
35 244 1
35 365 1
35 434 1
35 468 1
35 789 1
35 923 1
36 76 1
36 210 1
36 524 1
36 674 1
36 724 1
36 726 1
36 779 1
36 821 1
36 844 1
37 55 1
37 57 1
37 92 1
37 219 1
37 288 1
37 532 1
37 547 1
37 846 1
37 910 1
38 139 1
38 435 1
38 445 1
38 450 1
38 539 1
38 551 1
38 848 1
38 898 1
38 976 1
39 87 1
39 101 1
39 132 1
39 299 1
39 480 1
39 525 1
39 898 1
39 909 1
39 975 1
40 134 1
40 554 1
40 641 1
40 745 1
40 751 1
40 815 1
40 820 1
40 856 1
40 964 1
41 244 1
41 342 1
41 367 1
41 425 1
41 550 1
41 636 1
41 726 1
42 195 1
42 522 1
42 640 1
42 645 1
42 710 1
42 737 1
42 802 1
42 980 1
43 187 1
43 270 1
43 537 1
43 732 1
43 758 1
43 872 1
43 890 1
44 46 1
44 128 1
44 318 1
44 374 1
44 557 1
44 787 1
44 926 1
44 986 1
44 992 1
45 118 1
45 350 1
45 435 1
45 544 1
45 625 1
45 762 1
45 927 1
46 112 1
46 119 1
46 234 1
46 252 1
46 348 1
46 494 1
46 823 1
46 835 1
47 140 1
47 198 1
47 236 1
47 278 1
47 421 1
47 577 1
47 717 1
47 851 1
47 918 1
48 151 1
48 158 1
48 205 1
48 231 1
48 401 1
48 523 1
48 601 1
48 871 1
48 912 1
49 536 1
49 644 1
49 688 1
49 694 1
49 714 1
49 787 1
49 791 1
49 896 1
49 961 1
50 111 1
50 201 1
50 292 1
50 310 1
50 628 1
50 675 1
50 688 1
50 864 1
50 868 1
51 111 1
51 177 1
51 202 1
51 249 1
51 276 1
51 451 1
51 631 1
51 955 1
52 102 1
52 188 1
52 252 1
52 481 1
52 606 1
52 626 1
52 699 1
52 849 1
53 130 1
53 172 1
53 207 1
53 293 1
53 342 1
53 520 1
53 988 1
54 297 1
54 321 1
54 453 1
54 700 1
54 717 1
54 731 1
54 776 1
54 917 1
55 155 1
55 181 1
55 297 1
55 310 1
55 500 1
55 525 1
55 715 1
55 790 1
55 909 1
56 150 1
56 345 1
56 397 1
56 491 1
56 689 1
56 888 1
56 901 1
56 979 1
57 115 1
57 212 1
57 241 1
57 245 1
57 269 1
57 278 1
57 279 1
57 656 1
57 958 1
58 196 1
58 341 1
58 385 1
58 406 1
58 503 1
58 955 1
58 959 1
58 994 1
59 80 1
59 487 1
59 581 1
59 594 1
59 696 1
59 697 1
59 801 1
59 858 1
59 1000 1
60 254 1
60 414 1
60 435 1
60 526 1
60 535 1
60 720 1
60 726 1
61 204 1
61 235 1
61 351 1
61 367 1
61 473 1
61 482 1
62 368 1
62 446 1
62 533 1
62 545 1
62 590 1
62 670 1
62 811 1
62 830 1
62 850 1
63 323 1
63 331 1
63 346 1
63 371 1
63 391 1
63 451 1
63 499 1
63 690 1
63 837 1
64 319 1
64 386 1
64 469 1
64 488 1
64 489 1
64 501 1
64 610 1
64 637 1
64 969 1
65 76 1
65 99 1
65 109 1
65 318 1
65 549 1
65 606 1
65 689 1
65 918 1
66 97 1
66 238 1
66 317 1
66 375 1
66 444 1
66 592 1
66 639 1
66 704 1
67 81 1
67 223 1
67 358 1
67 447 1
67 847 1
67 890 1
68 129 1
68 375 1
68 725 1
68 784 1
68 788 1
68 822 1
68 938 1
68 950 1
69 280 1
69 480 1
69 531 1
69 539 1
69 676 1
69 695 1
69 866 1
70 128 1
70 153 1
70 654 1
70 668 1
70 677 1
70 707 1
70 857 1
71 88 1
71 236 1
71 276 1
71 293 1
71 569 1
71 743 1
71 767 1
71 841 1
72 261 1
72 308 1
72 310 1
72 525 1
72 631 1
73 240 1
73 438 1
73 707 1
73 957 1
73 967 1
73 976 1
73 992 1
74 221 1
74 289 1
74 738 1
74 899 1
74 995 1
75 154 1
75 192 1
75 292 1
75 462 1
75 492 1
75 796 1
75 873 1
75 894 1
76 324 1
76 341 1
76 560 1
76 661 1
76 722 1
76 780 1
76 842 1
76 932 1
76 951 1
77 209 1
77 225 1
77 288 1
77 460 1
77 684 1
77 771 1
77 863 1
77 909 1
77 968 1
78 113 1
78 181 1
78 230 1
78 237 1
78 241 1
78 253 1
78 389 1
78 501 1
78 879 1
79 153 1
79 202 1
79 317 1
79 414 1
79 589 1
79 766 1
79 922 1
79 943 1
80 156 1
80 187 1
80 278 1
80 285 1
80 303 1
80 438 1
80 454 1
80 943 1
81 88 1
81 152 1
81 225 1
81 554 1
81 608 1
81 615 1
81 659 1
81 782 1
81 920 1
82 142 1
82 308 1
82 361 1
82 492 1
82 656 1
82 667 1
82 728 1
82 944 1
83 186 1
83 412 1
83 776 1
83 823 1
83 885 1
83 989 1
84 218 1
84 222 1
84 419 1
84 477 1
84 712 1
84 777 1
84 829 1
84 887 1
85 101 1
85 230 1
85 258 1
85 274 1
85 486 1
85 676 1
86 225 1
86 419 1
86 516 1
86 545 1
86 700 1
86 785 1
86 876 1
87 264 1
87 305 1
87 387 1
87 471 1
87 626 1
87 865 1
88 191 1
88 239 1
88 241 1
88 316 1
88 414 1
88 478 1
88 563 1
88 973 1
88 995 1
89 220 1
89 277 1
89 372 1
89 404 1
89 511 1
89 585 1
89 629 1
89 925 1
90 151 1
90 216 1
90 230 1
90 495 1
90 521 1
90 761 1
90 791 1
90 849 1
90 966 1
91 324 1
91 481 1
91 525 1
91 775 1
91 779 1
91 799 1
91 909 1
92 98 1
92 198 1
92 422 1
92 576 1
92 713 1
92 723 1
92 794 1
92 966 1
93 348 1
93 423 1
93 654 1
93 707 1
93 825 1
93 829 1
93 830 1
93 876 1
93 934 1
94 293 1
94 305 1
94 331 1
94 476 1
94 517 1
94 688 1
94 887 1
94 992 1
95 159 1
95 243 1
95 269 1
95 373 1
95 408 1
95 410 1
95 838 1
95 906 1
96 319 1
96 343 1
96 375 1
96 491 1
96 634 1
96 650 1
96 685 1
96 946 1
97 123 1
97 137 1
97 185 1
97 255 1
97 317 1
97 566 1
97 784 1
97 889 1
97 977 1
98 258 1
98 266 1
98 536 1
98 784 1
98 790 1
98 838 1
98 870 1
98 896 1
98 951 1
99 119 1
99 356 1
99 377 1
99 398 1
99 663 1
99 788 1
99 809 1
99 855 1
99 983 1
100 214 1
100 333 1
100 372 1
100 542 1
100 607 1
100 638 1
100 763 1
100 916 1
101 427 1
101 447 1
101 552 1
101 557 1
101 731 1
101 762 1
101 918 1
102 313 1
102 339 1
102 525 1
102 594 1
102 651 1
102 717 1
102 782 1
102 812 1
102 955 1
103 170 1
103 279 1
103 354 1
103 394 1
103 465 1
103 724 1
103 854 1
104 209 1
104 464 1
104 550 1
104 722 1
104 827 1
104 888 1
104 893 1
105 151 1
105 167 1
105 268 1
105 559 1
105 817 1
105 834 1
106 310 1
106 333 1
106 432 1
106 476 1
106 561 1
106 606 1
106 610 1
106 671 1
106 838 1
107 203 1
107 304 1
107 481 1
107 500 1
107 643 1
107 897 1
107 941 1
107 997 1
108 137 1
108 309 1
108 417 1
108 446 1
108 551 1
108 695 1
108 730 1
108 921 1
108 952 1
109 145 1
109 699 1
109 785 1
109 815 1
109 839 1
109 848 1
109 933 1
110 310 1
110 364 1
110 403 1
110 534 1
110 546 1
110 660 1
110 847 1
110 857 1
111 298 1
111 417 1
111 477 1
111 655 1
111 888 1
111 946 1
111 949 1
112 358 1
112 502 1
112 522 1
112 808 1
112 817 1
112 894 1
112 993 1
112 997 1
113 191 1
113 366 1
113 400 1
113 701 1
113 890 1
113 901 1
113 999 1
114 250 1
114 359 1
114 366 1
114 470 1
114 565 1
114 610 1
114 681 1
114 683 1
115 258 1
115 336 1
115 414 1
115 435 1
115 452 1
115 629 1
115 756 1
116 263 1
116 578 1
116 590 1
116 709 1
116 725 1
116 751 1
116 869 1
116 976 1
117 200 1
117 271 1
117 494 1
117 525 1
117 573 1
117 817 1
117 930 1
117 977 1
118 134 1
118 226 1
118 431 1
118 443 1
118 901 1
118 982 1
118 985 1
119 293 1
119 365 1
119 527 1
119 596 1
119 971 1
119 980 1
119 993 1
120 280 1
120 337 1
120 341 1
120 657 1
120 673 1
120 683 1
120 841 1
120 982 1
121 242 1
121 381 1
121 401 1
121 565 1
121 821 1
121 837 1
121 904 1
121 994 1
122 210 1
122 286 1
122 365 1
122 369 1
122 372 1
122 428 1
122 551 1
122 618 1
123 521 1
123 604 1
123 625 1
123 650 1
123 860 1
123 954 1
124 190 1
124 321 1
124 371 1
124 789 1
124 939 1
124 946 1
125 128 1
125 204 1
125 219 1
125 274 1
125 433 1
125 686 1
125 709 1
125 863 1
126 174 1
126 203 1
126 250 1
126 493 1
126 702 1
126 713 1
126 874 1
126 918 1
127 304 1
127 616 1
127 641 1
127 694 1
127 700 1
127 967 1
127 987 1
128 222 1
128 512 1
128 546 1
128 613 1
128 615 1
128 701 1
128 922 1
128 944 1
129 218 1
129 306 1
129 315 1
129 337 1
129 415 1
129 590 1
129 621 1
129 699 1
130 245 1
130 334 1
130 373 1
130 546 1
130 593 1
130 613 1
130 649 1
130 749 1
130 777 1
131 160 1
131 386 1
131 393 1
131 557 1
131 559 1
131 585 1
131 808 1
131 891 1
131 935 1
132 269 1
132 470 1
132 518 1
132 662 1
132 685 1
132 740 1
132 777 1
132 855 1
133 302 1
133 340 1
133 384 1
133 444 1
133 677 1
133 688 1
133 934 1
134 187 1
134 542 1
134 565 1
134 622 1
134 707 1
134 777 1
134 782 1
135 277 1
135 346 1
135 490 1
135 530 1
135 794 1
135 950 1
135 959 1
136 223 1
136 289 1
136 489 1
136 662 1
136 755 1
136 897 1
137 146 1
137 205 1
137 216 1
137 278 1
137 347 1
137 377 1
137 706 1
137 805 1
137 833 1
138 140 1
138 164 1
138 640 1
138 662 1
138 679 1
138 692 1
138 721 1
138 904 1
138 986 1
139 282 1
139 283 1
139 376 1
139 584 1
139 593 1
139 669 1
139 675 1
139 717 1
140 205 1
140 209 1
140 306 1
140 468 1
140 499 1
140 642 1
140 865 1
140 941 1
140 995 1
141 208 1
141 337 1
141 449 1
141 532 1
141 633 1
141 672 1
141 723 1
141 761 1
141 996 1
142 184 1
142 260 1
142 306 1
142 347 1
142 472 1
142 891 1
142 973 1
142 981 1
143 247 1
143 339 1
143 380 1
143 433 1
143 478 1
143 605 1
143 765 1
143 767 1
144 194 1
144 332 1
144 523 1
144 574 1
144 768 1
144 874 1
144 964 1
145 233 1
145 381 1
145 389 1
145 505 1
145 832 1
145 872 1
145 876 1
145 984 1
145 989 1
146 201 1
146 231 1
146 233 1
146 677 1
146 759 1
146 965 1
147 179 1
147 216 1
147 359 1
147 590 1
147 696 1
147 714 1
147 840 1
147 883 1
147 978 1
148 491 1
148 515 1
148 584 1
148 666 1
148 720 1
148 956 1
148 960 1
148 966 1
149 274 1
149 570 1
149 662 1
149 707 1
149 730 1
149 1000 1
150 279 1
150 514 1
150 604 1
150 660 1
150 689 1
150 827 1
150 852 1
150 884 1
150 951 1
151 227 1
151 304 1
151 336 1
151 606 1
151 624 1
151 731 1
152 196 1
152 352 1
152 399 1
152 607 1
152 707 1
152 780 1
153 222 1
153 710 1
153 747 1
153 850 1
153 862 1
153 886 1
153 990 1
154 285 1
154 313 1
154 497 1
154 531 1
154 544 1
154 676 1
154 869 1
155 230 1
155 432 1
155 640 1
155 766 1
155 863 1
155 918 1
155 960 1
156 230 1
156 326 1
156 345 1
156 397 1
156 425 1
156 803 1
156 832 1
156 838 1
156 888 1
157 460 1
157 469 1
157 482 1
157 529 1
157 572 1
157 694 1
157 742 1
157 844 1
158 159 1
158 207 1
158 235 1
158 413 1
158 418 1
158 436 1
158 547 1
159 288 1
159 311 1
159 713 1
160 305 1
160 310 1
160 516 1
160 541 1
160 650 1
160 759 1
160 945 1
160 952 1
161 195 1
161 255 1
161 351 1
161 512 1
161 527 1
161 611 1
161 759 1
161 800 1
161 984 1
162 219 1
162 463 1
162 519 1
162 565 1
162 700 1
162 808 1
162 923 1
162 924 1
163 290 1
163 536 1
163 541 1
163 669 1
163 700 1
163 871 1
164 209 1
164 563 1
164 608 1
164 781 1
164 787 1
164 922 1
164 984 1
165 174 1
165 245 1
165 312 1
165 565 1
165 640 1
165 680 1
165 754 1
165 990 1
166 194 1
166 239 1
166 245 1
166 246 1
166 251 1
166 377 1
166 428 1
166 735 1
166 857 1
167 207 1
167 251 1
167 367 1
167 648 1
167 685 1
167 688 1
167 692 1
168 405 1
168 569 1
168 661 1
169 548 1
169 584 1
169 601 1
169 668 1
169 878 1
169 908 1
169 934 1
170 494 1
170 515 1
170 539 1
170 585 1
170 744 1
170 791 1
170 958 1
170 962 1
171 220 1
171 227 1
171 274 1
171 382 1
171 408 1
171 435 1
171 447 1
171 520 1
171 689 1
172 188 1
172 243 1
172 630 1
172 738 1
172 852 1
172 896 1
172 941 1
173 217 1
173 258 1
173 386 1
173 442 1
173 654 1
173 987 1
174 184 1
174 263 1
174 308 1
174 418 1
174 486 1
174 777 1
174 840 1
174 963 1
175 207 1
175 384 1
175 419 1
175 574 1
175 600 1
175 629 1
175 846 1
175 976 1
176 342 1
176 411 1
176 424 1
176 444 1
176 500 1
176 594 1
176 771 1
177 182 1
177 435 1
177 450 1
177 600 1
177 787 1
177 902 1
178 551 1
178 565 1
178 640 1
178 698 1
178 775 1
178 799 1
178 869 1
178 941 1
178 953 1
179 187 1
179 358 1
179 453 1
179 516 1
179 567 1
179 785 1
180 198 1
180 372 1
180 443 1
180 539 1
180 667 1
180 693 1
181 342 1
181 614 1
181 626 1
181 840 1
181 891 1
181 943 1
182 193 1
182 312 1
182 466 1
182 478 1
182 487 1
182 521 1
182 831 1
182 994 1
183 212 1
183 227 1
183 260 1
183 265 1
183 331 1
183 498 1
183 648 1
183 871 1
183 898 1
184 243 1
184 320 1
184 411 1
184 519 1
184 595 1
184 610 1
184 894 1
184 957 1
185 426 1
185 480 1
185 493 1
185 650 1
185 665 1
185 802 1
185 991 1
186 207 1
186 213 1
186 249 1
186 341 1
186 448 1
186 589 1
186 694 1
186 814 1
187 334 1
187 465 1
187 475 1
187 564 1
187 767 1
187 785 1
188 200 1
188 228 1
188 345 1
188 395 1
188 408 1
188 733 1
188 771 1
188 899 1
189 235 1
189 255 1
189 399 1
189 720 1
190 213 1
190 268 1
190 458 1
190 637 1
190 663 1
190 938 1
190 986 1
191 217 1
191 251 1
191 265 1
191 399 1
191 689 1
191 722 1
191 826 1
191 827 1
192 235 1
192 313 1
192 558 1
192 641 1
192 977 1
193 209 1
193 339 1
193 743 1
193 755 1
193 828 1
193 900 1
193 955 1
194 425 1
194 532 1
194 550 1
194 614 1
194 661 1
194 684 1
194 902 1
195 197 1
195 214 1
195 269 1
195 576 1
195 927 1
196 268 1
196 382 1
196 539 1
196 575 1
196 597 1
196 709 1
196 780 1
197 317 1
197 450 1
197 508 1
197 766 1
197 848 1
197 895 1
197 986 1
198 258 1
198 271 1
198 315 1
198 409 1
198 461 1
198 560 1
198 679 1
199 235 1
199 427 1
199 515 1
199 718 1
199 810 1
199 922 1
199 949 1
200 202 1
200 224 1
200 637 1
200 769 1
200 784 1
200 793 1
200 912 1
200 916 1
201 524 1
201 539 1
201 663 1
201 696 1
201 803 1
201 967 1
202 317 1
202 349 1
202 369 1
202 440 1
202 495 1
202 543 1
202 701 1
202 741 1
202 800 1
203 450 1
203 471 1
203 525 1
203 665 1
203 676 1
203 734 1
203 980 1
204 382 1
204 388 1
204 458 1
204 522 1
204 729 1
204 741 1
205 386 1
205 395 1
205 498 1
205 558 1
205 564 1
205 665 1
205 946 1
206 298 1
206 464 1
206 614 1
206 666 1
206 686 1
206 784 1
206 857 1
206 918 1
207 214 1
207 244 1
207 297 1
207 335 1
207 364 1
207 782 1
207 801 1
207 943 1
207 950 1
208 219 1
208 291 1
208 382 1
208 418 1
208 534 1
208 751 1
209 347 1
209 438 1
209 580 1
209 885 1
209 966 1
209 977 1
210 315 1
210 720 1
210 733 1
210 756 1
210 819 1
210 849 1
210 889 1
211 491 1
211 598 1
211 601 1
211 635 1
211 731 1
211 855 1
211 984 1
212 292 1
212 357 1
212 790 1
212 796 1
212 804 1
212 938 1
213 257 1
213 279 1
213 376 1
213 707 1
213 855 1
213 863 1
213 986 1
214 276 1
214 278 1
214 295 1
214 407 1
214 475 1
214 609 1
214 791 1
215 260 1
215 267 1
215 382 1
215 436 1
215 533 1
215 579 1
215 593 1
216 345 1
216 403 1
216 614 1
216 643 1
216 737 1
216 766 1
217 265 1
217 418 1
217 637 1
217 668 1
217 710 1
217 801 1
217 949 1
218 229 1
218 396 1
218 399 1
218 403 1
218 508 1
218 523 1
218 898 1
219 295 1
219 354 1
219 641 1
219 745 1
219 805 1
219 895 1
219 988 1
220 227 1
220 307 1
220 414 1
220 790 1
220 839 1
220 889 1
221 401 1
221 572 1
221 593 1
221 611 1
221 667 1
221 695 1
221 799 1
221 800 1
221 801 1
222 239 1
222 249 1
222 284 1
222 489 1
222 490 1
222 580 1
222 685 1
222 860 1
223 270 1
223 446 1
223 623 1
223 672 1
223 723 1
223 806 1
224 272 1
224 298 1
224 301 1
224 394 1
224 517 1
224 636 1
224 953 1
224 958 1
225 255 1
225 290 1
225 641 1
225 655 1
225 905 1
225 957 1
226 238 1
226 376 1
226 438 1
226 575 1
226 697 1
226 814 1
226 838 1
226 846 1
227 285 1
227 538 1
227 734 1
227 753 1
227 777 1
227 947 1
228 286 1
228 394 1
228 446 1
228 524 1
228 631 1
228 894 1
229 309 1
229 535 1
229 653 1
229 693 1
229 770 1
229 835 1
229 905 1
229 994 1
230 280 1
230 493 1
230 566 1
230 619 1
230 676 1
230 681 1
230 700 1
230 938 1
230 956 1
231 297 1
231 511 1
231 527 1
231 545 1
231 637 1
231 679 1
231 684 1
231 695 1
232 313 1
232 400 1
232 419 1
232 446 1
232 606 1
232 739 1
232 992 1
232 993 1
233 633 1
233 763 1
233 850 1
233 876 1
233 927 1
233 963 1
233 970 1
234 260 1
234 289 1
234 606 1
234 626 1
234 656 1
234 727 1
234 998 1
235 400 1
235 477 1
235 644 1
235 695 1
235 706 1
235 920 1
235 953 1
235 957 1
236 239 1
236 547 1
236 593 1
236 643 1
236 705 1
236 743 1
236 862 1
237 379 1
237 415 1
237 442 1
237 477 1
237 767 1
237 966 1
238 269 1
238 360 1
238 441 1
238 458 1
238 684 1
238 843 1
239 292 1
239 503 1
239 745 1
239 781 1
239 874 1
239 922 1
240 918 1
241 693 1
241 703 1
241 802 1
241 812 1
241 865 1
241 900 1
242 532 1
242 614 1
242 731 1
242 769 1
242 871 1
242 906 1
243 371 1
243 440 1
243 501 1
243 620 1
243 693 1
243 768 1
243 784 1
243 888 1
244 251 1
244 289 1
244 325 1
244 334 1
244 355 1
244 378 1
244 604 1
244 805 1
244 820 1
245 415 1
245 644 1
245 755 1
245 833 1
245 885 1
245 995 1
246 425 1
246 453 1
246 500 1
246 514 1
246 766 1
246 903 1
246 973 1
247 263 1
247 448 1
247 599 1
247 803 1
247 889 1
247 951 1
248 331 1
248 406 1
248 656 1
248 745 1
248 750 1
248 821 1
248 866 1
249 258 1
249 488 1
249 566 1
249 576 1
249 745 1
249 799 1
250 451 1
250 513 1
250 516 1
250 621 1
250 637 1
250 835 1
251 287 1
251 383 1
251 557 1
251 745 1
251 871 1
252 421 1
252 424 1
252 523 1
252 616 1
252 740 1
253 263 1
253 327 1
253 554 1
253 619 1
253 743 1
253 771 1
253 909 1
253 975 1
254 331 1
254 443 1
254 545 1
254 615 1
254 619 1
254 723 1
254 829 1
254 871 1
255 259 1
255 425 1
255 480 1
255 556 1
255 763 1
255 926 1
255 984 1
256 282 1
256 305 1
256 311 1
256 343 1
256 576 1
256 663 1
256 790 1
256 858 1
257 283 1
257 404 1
257 441 1
257 523 1
258 280 1
258 389 1
258 572 1
258 585 1
258 614 1
258 806 1
258 850 1
258 950 1
259 325 1
259 354 1
259 923 1
260 358 1
260 526 1
260 687 1
260 699 1
260 800 1
260 813 1
260 955 1
261 416 1
261 488 1
261 559 1
261 562 1
261 568 1
262 329 1
262 596 1
262 639 1
262 677 1
262 754 1
262 811 1
263 334 1
263 452 1
263 458 1
263 470 1
263 480 1
263 599 1
264 333 1
264 350 1
264 375 1
264 408 1
264 515 1
264 866 1
265 296 1
265 377 1
265 549 1
265 653 1
265 825 1
265 846 1
265 953 1
266 346 1
266 485 1
266 589 1
266 644 1
266 653 1
266 776 1
266 998 1
267 514 1
267 536 1
267 604 1
267 767 1
267 910 1
267 999 1
268 296 1
268 304 1
268 311 1
268 370 1
268 741 1
268 902 1
268 963 1
268 997 1
269 483 1
269 660 1
269 799 1
269 801 1
269 880 1
269 923 1
269 926 1
270 344 1
270 351 1
270 393 1
270 490 1
270 499 1
270 657 1
270 671 1
270 732 1
271 402 1
271 568 1
271 685 1
271 689 1
271 878 1
271 896 1
271 965 1
271 966 1
272 481 1
272 497 1
272 628 1
272 946 1
273 276 1
273 380 1
273 472 1
273 517 1
273 646 1
273 671 1
273 799 1
273 991 1
274 458 1
274 656 1
274 930 1
275 288 1
275 581 1
275 609 1
275 681 1
275 738 1
275 992 1
276 374 1
276 426 1
276 509 1
276 727 1
276 776 1
277 335 1
277 742 1
277 838 1
277 882 1
277 897 1
277 919 1
277 959 1
278 354 1
278 376 1
278 396 1
278 554 1
278 617 1
278 845 1
278 879 1
279 281 1
279 407 1
279 818 1
279 895 1
279 908 1
279 923 1
280 426 1
280 648 1
280 863 1
281 503 1
281 568 1
281 742 1
281 746 1
281 839 1
281 902 1
281 944 1
282 438 1
282 451 1
282 499 1
282 651 1
282 871 1
282 951 1
283 299 1
283 319 1
283 745 1
283 802 1
283 925 1
283 928 1
283 944 1
284 357 1
284 412 1
284 732 1
284 901 1
284 904 1
285 384 1
285 406 1
285 506 1
285 706 1
285 717 1
285 720 1
285 929 1
285 972 1
286 340 1
286 649 1
286 654 1
286 776 1
286 951 1
286 966 1
287 573 1
287 577 1
287 683 1
287 832 1
288 326 1
288 407 1
288 452 1
288 698 1
288 925 1
288 954 1
288 958 1
288 973 1
289 294 1
289 402 1
289 412 1
289 544 1
289 671 1
289 679 1
289 731 1
289 784 1
290 528 1
290 566 1
290 748 1
290 780 1
290 807 1
290 987 1
291 444 1
291 587 1
291 638 1
291 796 1
291 835 1
291 966 1
292 299 1
292 355 1
292 512 1
292 557 1
292 678 1
292 781 1
292 834 1
292 857 1
293 296 1
293 471 1
293 622 1
293 753 1
293 842 1
293 853 1
293 953 1
293 990 1
294 321 1
294 412 1
294 438 1
294 587 1
294 602 1
294 918 1
295 721 1
295 766 1
296 355 1
296 558 1
296 595 1
296 703 1
296 780 1
296 857 1
296 967 1
297 346 1
297 370 1
297 664 1
297 689 1
297 725 1
297 784 1
297 793 1
297 887 1
298 307 1
298 310 1
298 331 1
298 406 1
298 473 1
298 570 1
298 902 1
298 904 1
299 636 1
299 710 1
299 725 1
299 779 1
300 315 1
300 324 1
300 356 1
300 393 1
300 468 1
300 631 1
300 635 1
300 879 1
300 885 1
301 309 1
301 656 1
301 739 1
301 745 1
302 375 1
302 535 1
302 624 1
302 665 1
302 702 1
302 719 1
302 782 1
302 799 1
302 862 1
303 326 1
303 532 1
303 538 1
303 630 1
303 697 1
303 700 1
303 708 1
303 888 1
304 326 1
304 510 1
304 565 1
304 572 1
305 355 1
305 441 1
305 468 1
305 486 1
305 865 1
306 622 1
306 624 1
306 786 1
306 857 1
307 311 1
307 315 1
307 474 1
307 488 1
307 787 1
307 812 1
307 824 1
308 416 1
308 424 1
308 444 1
308 773 1
308 781 1
308 847 1
309 382 1
309 474 1
309 502 1
309 521 1
309 741 1
309 749 1
309 912 1
309 918 1
310 427 1
310 489 1
310 655 1
310 677 1
310 686 1
311 313 1
311 470 1
311 489 1
311 832 1
311 877 1
311 956 1
312 363 1
312 385 1
312 637 1
312 689 1
312 698 1
312 700 1
312 851 1
313 362 1
313 643 1
313 645 1
313 699 1
313 739 1
313 867 1
313 919 1
314 351 1
314 395 1
314 536 1
314 574 1
314 780 1
314 872 1
315 488 1
315 660 1
315 768 1
316 586 1
316 671 1
316 779 1
316 869 1
316 900 1
316 925 1
317 328 1
317 371 1
317 380 1
317 903 1
317 946 1
318 474 1
318 488 1
318 586 1
318 751 1
318 792 1
318 855 1
319 387 1
319 491 1
319 526 1
320 412 1
320 431 1
320 453 1
320 522 1
320 631 1
320 774 1
321 324 1
321 375 1
321 443 1
321 571 1
321 806 1
321 945 1
321 966 1
321 967 1
322 396 1
322 443 1
322 464 1
322 593 1
322 894 1
323 461 1
323 490 1
323 631 1
323 833 1
324 431 1
324 455 1
324 493 1
324 498 1
324 618 1
324 834 1
324 924 1
325 384 1
325 500 1
325 525 1
325 566 1
326 361 1
326 363 1
326 587 1
326 616 1
326 650 1
327 495 1
327 677 1
327 715 1
327 740 1
327 965 1
327 986 1
328 369 1
328 440 1
328 480 1
328 542 1
328 685 1
328 710 1
328 859 1
328 952 1
329 478 1
329 539 1
329 688 1
329 828 1
329 829 1
329 859 1
329 964 1
330 468 1
330 509 1
330 692 1
330 693 1
330 745 1
330 911 1
330 955 1
331 525 1
331 662 1
331 679 1
331 733 1
331 785 1
331 987 1
332 360 1
332 364 1
332 425 1
332 727 1
332 899 1
332 926 1
333 535 1
333 641 1
333 696 1
333 707 1
333 938 1
334 518 1
334 607 1
334 693 1
334 866 1
334 979 1
334 983 1
335 451 1
335 694 1
335 751 1
335 755 1
335 837 1
335 923 1
336 391 1
336 415 1
336 571 1
336 602 1
336 687 1
336 694 1
336 900 1
337 344 1
337 631 1
337 735 1
337 826 1
337 932 1
337 955 1
337 965 1
338 565 1
338 770 1
338 826 1
338 872 1
338 911 1
338 952 1
339 586 1
339 593 1
339 629 1
339 807 1
340 562 1
340 613 1
340 811 1
340 822 1
340 859 1
340 903 1
340 907 1
340 932 1
341 406 1
341 681 1
341 909 1
341 990 1
341 995 1
342 389 1
342 623 1
342 674 1
342 758 1
342 785 1
342 793 1
343 393 1
343 457 1
343 773 1
343 869 1
344 360 1
344 376 1
344 389 1
344 581 1
344 773 1
344 842 1
344 886 1
345 439 1
345 692 1
345 858 1
345 860 1
345 898 1
345 913 1
346 385 1
346 555 1
346 726 1
346 729 1
346 817 1
346 890 1
346 893 1
346 944 1
347 385 1
347 430 1
348 525 1
348 604 1
348 640 1
348 887 1
348 995 1
349 378 1
349 445 1
349 459 1
349 608 1
349 804 1
349 896 1
350 360 1
350 375 1
350 739 1
350 783 1
350 802 1
350 929 1
350 978 1
351 491 1
351 539 1
351 740 1
351 755 1
351 784 1
351 814 1
351 921 1
352 479 1
352 492 1
352 506 1
352 611 1
352 652 1
352 689 1
352 795 1
353 498 1
353 570 1
353 731 1
353 920 1
354 360 1
354 595 1
354 693 1
354 713 1
354 953 1
355 512 1
355 584 1
355 758 1
355 801 1
355 853 1
355 859 1
356 376 1
356 388 1
356 672 1
356 682 1
356 833 1
356 899 1
357 406 1
357 594 1
357 886 1
357 892 1
357 917 1
358 466 1
358 482 1
358 550 1
358 575 1
358 693 1
358 728 1
359 420 1
359 443 1
359 601 1
359 824 1
359 867 1
359 879 1
359 939 1
359 961 1
360 477 1
360 492 1
360 593 1
360 689 1
360 725 1
360 745 1
361 391 1
361 425 1
361 567 1
361 588 1
361 817 1
361 830 1
362 617 1
362 640 1
362 742 1
362 802 1
362 855 1
363 583 1
363 736 1
363 820 1
363 979 1
364 408 1
364 483 1
364 634 1
364 857 1
364 887 1
365 409 1
365 439 1
365 510 1
365 608 1
365 988 1
366 367 1
366 420 1
366 752 1
366 859 1
366 876 1
366 988 1
367 459 1
367 475 1
367 571 1
367 707 1
367 737 1
367 823 1
367 857 1
368 497 1
368 637 1
368 843 1
368 890 1
368 907 1
369 517 1
369 563 1
369 677 1
369 705 1
369 760 1
369 782 1
370 593 1
370 607 1
370 669 1
370 761 1
370 828 1
370 888 1
370 991 1
371 452 1
371 766 1
371 793 1
371 974 1
372 656 1
372 781 1
372 804 1
372 809 1
372 906 1
372 944 1
373 507 1
373 699 1
373 779 1
373 925 1
374 632 1
374 687 1
374 837 1
374 856 1
374 903 1
375 668 1
375 673 1
375 913 1
375 978 1
376 472 1
376 489 1
376 542 1
376 864 1
376 886 1
377 426 1
377 602 1
377 631 1
377 875 1
377 952 1
378 767 1
378 813 1
379 844 1
379 910 1
379 929 1
380 726 1
380 771 1
380 801 1
380 818 1
380 860 1
380 903 1
380 911 1
381 500 1
381 663 1
381 685 1
381 687 1
381 693 1
381 864 1
382 525 1
382 619 1
382 673 1
382 722 1
382 752 1
382 780 1
382 786 1
382 815 1
383 601 1
383 674 1
383 709 1
383 726 1
383 809 1
383 874 1
383 948 1
383 968 1
384 415 1
384 478 1
384 770 1
384 839 1
384 861 1
384 863 1
384 978 1
385 652 1
385 734 1
385 936 1
385 979 1
386 473 1
386 520 1
386 604 1
386 637 1
386 990 1
387 456 1
387 493 1
387 509 1
387 538 1
387 906 1
388 396 1
388 398 1
388 632 1
388 989 1
388 996 1
389 581 1
389 723 1
389 810 1
389 918 1
390 490 1
390 566 1
390 786 1
390 842 1
390 950 1
390 958 1
390 979 1
391 467 1
391 644 1
391 650 1
391 692 1
391 706 1
391 746 1
392 425 1
392 433 1
392 464 1
392 651 1
392 770 1
392 807 1
392 910 1
393 549 1
393 746 1
393 801 1
393 840 1
393 981 1
394 427 1
394 644 1
394 795 1
394 885 1
395 410 1
395 630 1
395 696 1
395 790 1
395 792 1
395 868 1
395 959 1
396 445 1
396 544 1
396 612 1
396 812 1
396 947 1
396 987 1
397 442 1
397 515 1
397 570 1
397 621 1
397 829 1
398 458 1
398 506 1
398 538 1
398 554 1
398 593 1
398 788 1
399 530 1
399 771 1
399 814 1
399 847 1
399 903 1
399 912 1
400 763 1
400 814 1
400 829 1
400 840 1
400 892 1
400 990 1
400 996 1
401 447 1
401 506 1
401 532 1
401 631 1
401 707 1
401 823 1
402 533 1
402 551 1
402 904 1
402 939 1
403 789 1
403 809 1
403 865 1
404 433 1
404 478 1
404 648 1
404 708 1
404 868 1
405 441 1
405 455 1
405 562 1
405 602 1
405 620 1
405 623 1
406 416 1
406 460 1
406 466 1
406 502 1
406 766 1
406 857 1
406 976 1
407 554 1
407 782 1
407 815 1
407 892 1
407 997 1
408 421 1
408 589 1
408 659 1
408 778 1
409 472 1
409 687 1
409 705 1
409 733 1
410 532 1
410 570 1
410 661 1
410 758 1
410 881 1
410 932 1
410 961 1
411 671 1
411 730 1
411 746 1
412 554 1
412 662 1
412 683 1
412 685 1
412 838 1
412 870 1
412 922 1
412 933 1
412 942 1
413 605 1
413 640 1
413 678 1
413 733 1
413 833 1
413 885 1
414 420 1
414 470 1
414 475 1
414 651 1
414 724 1
414 808 1
414 880 1
414 915 1
415 533 1
415 570 1
415 635 1
415 672 1
415 766 1
415 792 1
415 793 1
416 467 1
416 472 1
416 573 1
416 769 1
416 829 1
416 993 1
416 994 1
417 671 1
417 731 1
417 818 1
417 847 1
417 856 1
418 456 1
418 628 1
418 701 1
418 733 1
418 752 1
418 912 1
419 454 1
419 715 1
419 733 1
419 743 1
419 891 1
420 456 1
420 457 1
420 502 1
420 663 1
420 791 1
420 844 1
420 899 1
421 441 1
421 478 1
421 573 1
421 727 1
422 542 1
422 585 1
422 771 1
422 827 1
422 973 1
423 448 1
423 496 1
423 641 1
423 788 1
423 847 1
423 939 1
424 453 1
424 605 1
424 699 1
424 702 1
424 767 1
424 891 1
425 488 1
425 619 1
425 669 1
425 682 1
425 848 1
425 893 1
425 982 1
426 437 1
426 487 1
426 524 1
426 978 1
427 547 1
427 694 1
427 719 1
427 741 1
427 844 1
428 513 1
428 580 1
428 673 1
428 803 1
428 979 1
429 565 1
429 628 1
429 662 1
429 965 1
430 603 1
430 618 1
430 744 1
430 760 1
430 884 1
430 961 1
431 460 1
431 688 1
431 705 1
431 790 1
431 850 1
431 857 1
431 948 1
432 672 1
432 814 1
432 983 1
433 539 1
433 605 1
433 857 1
433 890 1
433 900 1
434 500 1
434 556 1
434 700 1
434 742 1
434 755 1
435 512 1
435 747 1
435 951 1
436 521 1
436 755 1
436 844 1
437 442 1
437 536 1
437 782 1
437 815 1
438 531 1
438 624 1
438 639 1
438 681 1
438 685 1
438 797 1
438 920 1
439 884 1
439 977 1
440 522 1
440 609 1
440 618 1
440 635 1
440 716 1
440 773 1
441 526 1
441 702 1
441 786 1
441 828 1
442 548 1
442 830 1
442 865 1
442 870 1
442 877 1
442 914 1
442 968 1
442 989 1
443 550 1
443 800 1
443 840 1
443 849 1
443 916 1
443 954 1
444 502 1
444 786 1
444 798 1
444 838 1
444 900 1
444 924 1
444 965 1
444 998 1
445 679 1
445 923 1
445 990 1
446 580 1
446 603 1
446 734 1
446 772 1
446 804 1
446 818 1
447 463 1
447 583 1
447 709 1
447 921 1
447 951 1
448 660 1
448 681 1
448 691 1
448 776 1
448 779 1
449 502 1
449 872 1
449 888 1
449 934 1
449 990 1
450 487 1
450 718 1
450 864 1
450 935 1
451 544 1
451 577 1
451 626 1
451 933 1
451 961 1
452 540 1
452 545 1
452 729 1
452 837 1
452 874 1
452 879 1
452 898 1
453 683 1
453 690 1
453 727 1
453 840 1
454 455 1
454 508 1
454 663 1
454 665 1
454 691 1
454 880 1
455 670 1
455 738 1
455 981 1
456 567 1
456 575 1
456 850 1
456 991 1
457 576 1
457 683 1
457 806 1
457 866 1
457 993 1
458 622 1
458 731 1
458 741 1
458 755 1
458 819 1
459 494 1
459 572 1
459 686 1
459 734 1
459 780 1
459 786 1
460 642 1
460 964 1
460 970 1
461 670 1
461 750 1
461 844 1
462 477 1
462 621 1
462 730 1
462 745 1
462 818 1
462 965 1
462 986 1
462 996 1
463 503 1
463 546 1
463 953 1
463 954 1
464 500 1
464 511 1
464 766 1
464 814 1
464 937 1
465 599 1
465 616 1
465 621 1
465 685 1
466 549 1
466 610 1
466 627 1
466 636 1
466 675 1
466 966 1
467 529 1
467 578 1
467 738 1
467 801 1
467 941 1
468 611 1
468 623 1
468 662 1
468 679 1
468 832 1
469 474 1
469 493 1
469 696 1
469 823 1
470 518 1
470 672 1
470 775 1
470 994 1
471 530 1
471 814 1
471 878 1
471 934 1
471 939 1
472 838 1
472 954 1
472 991 1
473 723 1
473 885 1
473 996 1
474 517 1
474 663 1
474 752 1
474 789 1
474 933 1
474 963 1
475 624 1
475 747 1
475 816 1
475 958 1
476 478 1
476 789 1
476 806 1
476 943 1
476 969 1
477 783 1
477 871 1
478 508 1
478 592 1
478 614 1
478 780 1
478 809 1
479 777 1
479 809 1
479 1000 1
480 538 1
480 605 1
480 669 1
480 925 1
480 955 1
480 991 1
481 567 1
481 586 1
481 593 1
481 669 1
481 919 1
482 613 1
482 731 1
482 852 1
483 573 1
483 758 1
483 807 1
483 828 1
484 560 1
484 711 1
484 857 1
484 910 1
484 961 1
485 784 1
485 849 1
486 573 1
486 825 1
486 831 1
486 870 1
486 947 1
487 579 1
487 611 1
487 670 1
487 737 1
487 951 1
487 971 1
488 601 1
488 621 1
488 708 1
488 840 1
488 858 1
488 938 1
488 967 1
489 564 1
489 606 1
489 676 1
489 701 1
489 932 1
490 724 1
490 792 1
490 823 1
490 839 1
490 909 1
490 956 1
490 962 1
491 494 1
491 585 1
491 779 1
491 786 1
492 532 1
492 568 1
492 660 1
492 691 1
492 840 1
493 561 1
493 581 1
493 714 1
493 715 1
494 522 1
494 771 1
494 881 1
495 553 1
495 666 1
495 945 1
495 962 1
496 680 1
496 981 1
496 988 1
497 712 1
497 955 1
498 516 1
498 537 1
498 677 1
499 515 1
499 669 1
499 835 1
499 919 1
499 971 1
500 616 1
500 773 1
500 976 1
501 528 1
501 643 1
501 718 1
501 771 1
502 567 1
502 689 1
502 696 1
502 919 1
503 559 1
503 647 1
503 797 1
503 945 1
504 645 1
504 705 1
504 746 1
505 513 1
505 522 1
505 840 1
505 845 1
506 545 1
506 682 1
507 539 1
507 748 1
507 860 1
507 872 1
508 537 1
508 893 1
508 945 1
509 634 1
509 755 1
509 827 1
510 527 1
510 909 1
511 574 1
511 680 1
511 722 1
511 773 1
511 830 1
511 854 1
511 939 1
512 688 1
512 779 1
512 997 1
513 584 1
513 594 1
513 605 1
513 627 1
513 651 1
513 821 1
513 999 1
514 525 1
514 876 1
514 906 1
514 948 1
514 992 1
515 581 1
515 605 1
515 675 1
515 698 1
515 718 1
516 721 1
516 842 1
516 867 1
516 873 1
516 905 1
516 989 1
517 668 1
517 750 1
517 810 1
517 880 1
517 975 1
518 701 1
518 829 1
518 832 1
518 839 1
519 720 1
519 935 1
519 984 1
520 592 1
520 712 1
520 976 1
521 751 1
521 928 1
522 661 1
522 888 1
523 638 1
523 639 1
523 981 1
524 835 1
524 910 1
525 543 1
525 618 1
525 864 1
526 554 1
526 916 1
526 977 1
527 530 1
527 535 1
527 882 1
527 946 1
528 655 1
528 800 1
529 645 1
529 651 1
529 889 1
529 978 1
530 531 1
530 571 1
530 742 1
530 801 1
530 881 1
530 948 1
531 820 1
531 845 1
531 946 1
531 989 1
532 709 1
532 728 1
532 752 1
532 841 1
532 867 1
532 930 1
533 601 1
533 637 1
533 772 1
533 786 1
533 821 1
534 554 1
534 602 1
534 958 1
534 980 1
534 986 1
535 644 1
535 700 1
535 731 1
535 750 1
535 799 1
536 547 1
536 685 1
536 959 1
537 657 1
537 679 1
537 686 1
537 780 1
538 541 1
538 613 1
538 779 1
538 813 1
538 908 1
539 730 1
539 811 1
539 837 1
540 587 1
540 778 1
540 948 1
541 612 1
541 709 1
541 731 1
542 621 1
542 653 1
542 829 1
543 665 1
543 710 1
543 943 1
544 557 1
544 561 1
544 612 1
544 642 1
546 638 1
546 765 1
546 823 1
547 670 1
547 708 1
547 757 1
547 831 1
547 884 1
547 955 1
547 956 1
548 552 1
548 704 1
548 789 1
548 956 1
549 551 1
549 595 1
549 711 1
549 865 1
550 600 1
550 626 1
550 694 1
550 791 1
550 830 1
550 934 1
551 574 1
551 712 1
551 884 1
551 899 1
552 669 1
552 730 1
552 744 1
552 779 1
553 708 1
553 789 1
553 888 1
553 937 1
554 699 1
554 704 1
554 970 1
555 607 1
555 724 1
555 734 1
555 853 1
555 984 1
556 590 1
556 605 1
556 830 1
557 596 1
557 741 1
557 820 1
557 863 1
557 999 1
558 759 1
559 569 1
559 596 1
559 734 1
559 874 1
559 899 1
559 928 1
559 972 1
560 640 1
560 845 1
561 889 1
561 900 1
562 714 1
562 834 1
562 957 1
563 614 1
563 930 1
563 955 1
564 664 1
564 798 1
564 916 1
565 725 1
565 793 1
565 797 1
565 875 1
565 894 1
566 610 1
566 630 1
566 800 1
566 844 1
566 874 1
566 890 1
566 900 1
567 611 1
567 613 1
567 630 1
567 669 1
567 947 1
568 719 1
568 732 1
568 833 1
568 899 1
569 572 1
569 640 1
569 685 1
569 806 1
569 878 1
570 928 1
570 981 1
571 595 1
571 606 1
571 695 1
571 736 1
571 923 1
571 951 1
572 772 1
572 864 1
572 874 1
572 952 1
572 972 1
574 713 1
574 729 1
574 819 1
574 943 1
574 977 1
575 693 1
575 825 1
575 985 1
575 990 1
576 584 1
576 593 1
576 721 1
577 743 1
577 883 1
577 937 1
578 675 1
578 719 1
578 821 1
578 893 1
578 914 1
579 759 1
579 825 1
579 944 1
579 978 1
580 614 1
580 925 1
581 703 1
581 926 1
582 613 1
582 822 1
582 845 1
582 864 1
582 924 1
582 961 1
583 721 1
583 742 1
584 601 1
584 663 1
584 793 1
584 920 1
584 928 1
584 943 1
585 688 1
586 792 1
586 847 1
586 865 1
586 993 1
587 637 1
587 728 1
587 760 1
587 935 1
587 962 1
588 614 1
588 852 1
588 989 1
589 843 1
589 957 1
590 732 1
590 844 1
590 945 1
590 996 1
591 807 1
591 892 1
591 978 1
592 667 1
592 739 1
592 748 1
592 751 1
592 809 1
593 602 1
593 620 1
593 656 1
593 743 1
593 821 1
593 955 1
594 633 1
594 723 1
594 805 1
594 910 1
594 932 1
594 959 1
595 686 1
595 954 1
596 713 1
597 852 1
597 862 1
597 990 1
598 695 1
598 792 1
598 855 1
598 859 1
599 707 1
599 832 1
599 882 1
599 892 1
600 703 1
600 775 1
600 776 1
600 787 1
600 949 1
601 810 1
601 823 1
601 883 1
602 682 1
602 745 1
602 762 1
602 787 1
602 865 1
602 960 1
603 715 1
603 859 1
603 967 1
604 760 1
604 997 1
605 969 1
606 711 1
606 820 1
606 863 1
606 970 1
607 721 1
607 748 1
607 754 1
607 894 1
608 831 1
608 838 1
608 864 1
608 900 1
608 943 1
608 976 1
609 729 1
609 778 1
609 893 1
609 950 1
610 657 1
611 678 1
611 733 1
611 798 1
611 970 1
611 974 1
612 664 1
612 703 1
613 614 1
613 627 1
613 790 1
614 761 1
614 810 1
614 947 1
615 772 1
615 781 1
615 941 1
616 791 1
616 906 1
616 988 1
616 995 1
617 645 1
617 655 1
617 677 1
618 706 1
618 798 1
618 994 1
619 730 1
619 769 1
619 804 1
619 952 1
620 650 1
620 764 1
621 652 1
621 874 1
621 894 1
621 928 1
621 978 1
622 755 1
622 870 1
623 625 1
623 724 1
624 967 1
625 653 1
625 987 1
626 669 1
626 671 1
626 852 1
626 974 1
626 989 1
627 747 1
627 845 1
627 865 1
628 804 1
628 887 1
629 638 1
629 679 1
629 704 1
629 780 1
629 818 1
630 666 1
630 908 1
631 658 1
631 696 1
632 804 1
632 855 1
632 865 1
632 898 1
633 860 1
633 867 1
634 860 1
635 741 1
635 863 1
635 951 1
636 941 1
636 978 1
637 661 1
637 687 1
637 912 1
637 919 1
638 714 1
638 888 1
638 945 1
639 658 1
639 693 1
639 855 1
640 662 1
640 725 1
640 971 1
641 688 1
641 743 1
641 788 1
642 718 1
642 795 1
642 945 1
643 655 1
643 678 1
643 703 1
643 795 1
643 881 1
643 919 1
644 746 1
645 989 1
646 695 1
646 785 1
646 809 1
647 886 1
647 905 1
648 654 1
648 703 1
648 926 1
649 789 1
649 833 1
649 908 1
650 743 1
650 970 1
651 665 1
651 863 1
651 888 1
651 999 1
652 786 1
652 869 1
653 724 1
653 916 1
653 934 1
653 935 1
653 972 1
654 701 1
654 758 1
654 807 1
654 940 1
654 962 1
655 750 1
655 873 1
655 879 1
655 898 1
655 963 1
656 678 1
656 754 1
656 783 1
656 842 1
656 859 1
656 880 1
657 889 1
657 917 1
658 687 1
659 793 1
659 808 1
659 883 1
660 729 1
660 771 1
660 784 1
660 996 1
661 678 1
661 735 1
661 810 1
662 816 1
662 853 1
663 682 1
663 694 1
663 799 1
663 889 1
664 898 1
664 958 1
665 684 1
665 748 1
665 810 1
665 926 1
666 902 1
666 940 1
667 677 1
667 695 1
667 712 1
667 861 1
668 733 1
668 859 1
668 938 1
669 844 1
669 850 1
669 872 1
669 886 1
670 862 1
670 882 1
670 959 1
671 788 1
671 882 1
672 823 1
672 858 1
673 729 1
673 743 1
673 846 1
673 913 1
674 765 1
674 771 1
674 853 1
674 947 1
674 952 1
674 971 1
675 756 1
675 765 1
676 799 1
676 925 1
677 802 1
678 705 1
678 764 1
678 787 1
678 854 1
678 897 1
679 803 1
679 815 1
679 840 1
680 757 1
680 885 1
680 911 1
680 964 1
681 849 1
681 976 1
682 843 1
683 818 1
684 690 1
684 811 1
684 813 1
684 989 1
685 818 1
686 857 1
686 905 1
686 986 1
686 992 1
687 834 1
687 898 1
687 901 1
688 746 1
688 889 1
689 890 1
689 941 1
690 873 1
690 945 1
691 692 1
691 833 1
691 875 1
692 714 1
693 736 1
694 775 1
694 910 1
694 968 1
695 700 1
695 764 1
695 935 1
696 712 1
696 760 1
696 781 1
698 753 1
698 789 1
698 865 1
699 706 1
699 737 1
699 854 1
700 713 1
700 792 1
700 810 1
700 847 1
700 981 1
701 744 1
701 779 1
703 816 1
703 850 1
703 948 1
703 967 1
703 970 1
704 762 1
704 815 1
705 756 1
705 822 1
706 786 1
706 800 1
706 819 1
707 759 1
707 993 1
708 810 1
708 955 1
709 798 1
709 971 1
710 807 1
710 990 1
711 950 1
711 991 1
712 717 1
712 726 1
712 801 1
713 751 1
713 761 1
713 825 1
714 760 1
714 946 1
715 761 1
715 839 1
716 738 1
716 759 1
716 766 1
717 740 1
717 888 1
717 914 1
718 725 1
718 732 1
718 788 1
719 897 1
719 987 1
720 803 1
720 822 1
720 868 1
720 959 1
721 744 1
721 811 1
721 823 1
721 955 1
722 899 1
723 776 1
723 825 1
724 852 1
725 772 1
725 829 1
725 836 1
725 943 1
725 965 1
725 980 1
726 732 1
726 941 1
727 875 1
727 977 1
728 757 1
728 776 1
729 929 1
729 977 1
731 793 1
731 903 1
731 928 1
732 885 1
732 977 1
733 819 1
733 888 1
734 868 1
734 936 1
735 880 1
736 800 1
736 824 1
736 868 1
737 901 1
737 961 1
737 972 1
738 860 1
738 955 1
738 970 1
738 996 1
739 862 1
739 879 1
739 894 1
739 990 1
740 891 1
741 812 1
741 822 1
741 852 1
741 946 1
742 845 1
744 775 1
744 834 1
744 837 1
744 871 1
744 903 1
744 937 1
745 784 1
745 819 1
745 870 1
745 984 1
746 763 1
746 796 1
746 803 1
747 939 1
747 984 1
748 829 1
748 907 1
748 920 1
748 995 1
749 810 1
749 889 1
750 837 1
750 845 1
750 886 1
750 972 1
751 857 1
751 876 1
752 878 1
752 912 1
752 946 1
752 986 1
753 800 1
753 808 1
753 844 1
753 988 1
754 842 1
754 872 1
755 869 1
755 884 1
755 994 1
756 815 1
756 929 1
756 964 1
758 800 1
758 883 1
759 831 1
759 860 1
759 887 1
759 994 1
760 820 1
760 856 1
760 871 1
760 945 1
761 762 1
761 784 1
761 966 1
762 785 1
762 860 1
762 974 1
763 836 1
763 926 1
763 951 1
764 778 1
764 821 1
764 855 1
764 856 1
764 871 1
765 790 1
765 859 1
765 941 1
766 817 1
766 854 1
766 861 1
767 906 1
767 956 1
768 783 1
768 787 1
769 931 1
769 971 1
770 857 1
770 861 1
770 893 1
770 914 1
770 936 1
771 798 1
772 773 1
772 965 1
773 954 1
773 985 1
774 925 1
774 928 1
774 986 1
775 871 1
775 916 1
775 949 1
776 853 1
776 972 1
777 780 1
777 865 1
777 869 1
777 962 1
777 978 1
778 958 1
779 810 1
779 946 1
779 947 1
780 847 1
780 927 1
781 848 1
782 785 1
782 788 1
782 858 1
783 825 1
783 960 1
784 798 1
784 917 1
784 944 1
785 809 1
785 825 1
785 968 1
787 832 1
787 857 1
787 874 1
788 791 1
788 886 1
789 829 1
789 919 1
789 967 1
790 803 1
790 902 1
791 813 1
792 959 1
793 941 1
793 972 1
795 826 1
795 896 1
796 935 1
797 800 1
797 831 1
798 844 1
798 889 1
798 895 1
799 828 1
799 853 1
799 891 1
799 901 1
802 886 1
802 937 1
802 963 1
802 1000 1
803 964 1
804 961 1
805 980 1
806 944 1
807 823 1
807 937 1
809 852 1
809 892 1
810 875 1
810 917 1
810 987 1
811 876 1
812 862 1
813 930 1
813 984 1
814 823 1
814 996 1
815 884 1
815 952 1
816 922 1
816 944 1
817 855 1
817 888 1
818 819 1
818 979 1
819 950 1
820 914 1
821 931 1
822 849 1
822 861 1
822 952 1
823 848 1
823 911 1
824 879 1
824 950 1
825 830 1
825 986 1
825 994 1
826 851 1
826 867 1
826 896 1
826 999 1
827 841 1
830 831 1
832 935 1
833 935 1
833 984 1
833 986 1
834 858 1
834 966 1
834 980 1
835 888 1
835 971 1
836 970 1
837 896 1
838 843 1
838 914 1
840 911 1
841 976 1
842 879 1
842 976 1
843 933 1
845 957 1
847 949 1
847 967 1
847 993 1
850 990 1
851 873 1
851 971 1
852 857 1
852 898 1
853 956 1
855 858 1
855 971 1
856 951 1
856 983 1
857 872 1
857 895 1
857 903 1
857 955 1
858 870 1
859 888 1
859 941 1
860 925 1
860 975 1
862 878 1
862 972 1
863 894 1
863 906 1
863 945 1
864 934 1
866 878 1
866 940 1
866 988 1
867 925 1
867 981 1
868 918 1
869 908 1
870 982 1
871 907 1
871 915 1
873 909 1
873 923 1
873 943 1
874 977 1
875 943 1
877 974 1
879 903 1
881 940 1
884 961 1
885 909 1
885 960 1
887 889 1
887 909 1
887 983 1
889 897 1
889 954 1
889 990 1
890 904 1
891 962 1
894 935 1
896 929 1
897 954 1
900 927 1
900 990 1
902 916 1
903 952 1
903 983 1
904 980 1
904 997 1
905 952 1
905 986 1
905 998 1
906 907 1
907 990 1
911 932 1
911 957 1
912 979 1
913 957 1
915 918 1
916 975 1
916 990 1
917 986 1
919 956 1
922 948 1
922 990 1
924 985 1
929 973 1
932 981 1
937 991 1
939 965 1
940 982 1
941 965 1
943 950 1
944 986 1
945 976 1
947 993 1
948 952 1
949 981 1
949 997 1
951 960 1
952 978 1
958 973 1
959 965 1
960 977 1
963 992 1
964 968 1
973 984 1
979 996 1
