200 5069 
1 3 1
2 5 1
1 6 1
4 6 1
5 6 1
6 7 1
4 8 1
3 9 1
1 10 1
6 10 1
7 10 1
8 10 1
1 11 1
3 11 1
6 12 1
11 12 1
2 13 1
5 13 1
8 13 1
10 13 1
3 14 1
8 14 1
11 14 1
1 15 1
8 15 1
9 15 1
11 15 1
14 15 1
13 16 1
3 17 1
9 17 1
13 17 1
16 17 1
3 18 1
5 18 1
8 18 1
12 18 1
16 18 1
17 18 1
4 19 1
5 19 1
12 19 1
15 19 1
17 19 1
9 20 1
2 21 1
4 21 1
5 21 1
10 21 1
11 21 1
13 21 1
18 21 1
19 21 1
1 22 1
5 22 1
9 22 1
10 22 1
15 22 1
16 22 1
19 22 1
2 23 1
6 23 1
7 23 1
12 23 1
14 23 1
5 24 1
8 24 1
17 24 1
18 24 1
21 24 1
23 24 1
8 25 1
15 25 1
17 25 1
1 26 1
3 26 1
6 26 1
7 26 1
11 26 1
12 26 1
16 26 1
11 27 1
20 27 1
21 27 1
2 28 1
11 28 1
16 28 1
21 28 1
24 28 1
25 28 1
26 28 1
3 29 1
7 29 1
11 29 1
12 29 1
13 29 1
14 29 1
20 29 1
23 29 1
26 29 1
5 30 1
7 30 1
10 30 1
15 30 1
20 30 1
21 30 1
28 30 1
29 30 1
9 31 1
11 31 1
14 31 1
20 31 1
25 31 1
28 31 1
29 31 1
5 32 1
7 32 1
11 32 1
14 32 1
21 32 1
3 33 1
7 33 1
12 33 1
13 33 1
17 33 1
29 33 1
2 34 1
6 34 1
16 34 1
22 34 1
25 34 1
27 34 1
28 34 1
29 34 1
3 35 1
6 35 1
8 35 1
13 35 1
14 35 1
15 35 1
24 35 1
31 35 1
2 36 1
8 36 1
9 36 1
16 36 1
17 36 1
24 36 1
31 36 1
32 36 1
35 36 1
7 37 1
9 37 1
14 37 1
17 37 1
19 37 1
23 37 1
24 37 1
27 37 1
29 37 1
30 37 1
31 37 1
32 37 1
36 37 1
3 38 1
16 38 1
18 38 1
25 38 1
29 38 1
30 38 1
32 38 1
35 38 1
37 38 1
6 39 1
9 39 1
17 39 1
19 39 1
20 39 1
21 39 1
32 39 1
35 39 1
36 39 1
1 40 1
4 40 1
8 40 1
14 40 1
16 40 1
27 40 1
29 40 1
30 40 1
34 40 1
36 40 1
37 40 1
38 40 1
1 41 1
2 41 1
6 41 1
7 41 1
27 41 1
36 41 1
37 41 1
1 42 1
3 42 1
4 42 1
5 42 1
6 42 1
10 42 1
18 42 1
24 42 1
25 42 1
32 42 1
33 42 1
35 42 1
38 42 1
41 42 1
2 43 1
7 43 1
11 43 1
24 43 1
33 43 1
38 43 1
40 43 1
9 44 1
11 44 1
16 44 1
17 44 1
18 44 1
19 44 1
21 44 1
22 44 1
23 44 1
25 44 1
29 44 1
30 44 1
32 44 1
3 45 1
5 45 1
7 45 1
10 45 1
16 45 1
26 45 1
27 45 1
33 45 1
35 45 1
44 45 1
3 46 1
5 46 1
15 46 1
18 46 1
21 46 1
22 46 1
27 46 1
28 46 1
29 46 1
37 46 1
39 46 1
40 46 1
44 46 1
45 46 1
4 47 1
7 47 1
16 47 1
22 47 1
23 47 1
24 47 1
26 47 1
35 47 1
40 47 1
41 47 1
17 48 1
20 48 1
33 48 1
41 48 1
7 49 1
8 49 1
15 49 1
17 49 1
19 49 1
20 49 1
28 49 1
30 49 1
34 49 1
37 49 1
38 49 1
40 49 1
47 49 1
5 50 1
9 50 1
12 50 1
17 50 1
26 50 1
28 50 1
35 50 1
39 50 1
13 51 1
14 51 1
15 51 1
16 51 1
17 51 1
18 51 1
19 51 1
20 51 1
23 51 1
25 51 1
26 51 1
27 51 1
28 51 1
32 51 1
33 51 1
35 51 1
46 51 1
47 51 1
49 51 1
2 52 1
5 52 1
6 52 1
8 52 1
10 52 1
12 52 1
21 52 1
31 52 1
40 52 1
45 52 1
46 52 1
47 52 1
50 52 1
1 53 1
4 53 1
7 53 1
9 53 1
12 53 1
14 53 1
22 53 1
23 53 1
25 53 1
28 53 1
30 53 1
31 53 1
34 53 1
35 53 1
36 53 1
37 53 1
39 53 1
51 53 1
52 53 1
1 54 1
2 54 1
3 54 1
7 54 1
8 54 1
13 54 1
18 54 1
23 54 1
27 54 1
28 54 1
36 54 1
37 54 1
38 54 1
39 54 1
40 54 1
42 54 1
43 54 1
47 54 1
48 54 1
8 55 1
11 55 1
17 55 1
22 55 1
27 55 1
31 55 1
32 55 1
1 56 1
6 56 1
7 56 1
12 56 1
13 56 1
14 56 1
17 56 1
19 56 1
24 56 1
26 56 1
27 56 1
31 56 1
35 56 1
45 56 1
46 56 1
49 56 1
55 56 1
2 57 1
7 57 1
8 57 1
16 57 1
18 57 1
24 57 1
25 57 1
35 57 1
38 57 1
47 57 1
52 57 1
53 57 1
55 57 1
11 58 1
18 58 1
28 58 1
32 58 1
33 58 1
34 58 1
39 58 1
48 58 1
54 58 1
5 59 1
6 59 1
18 59 1
22 59 1
26 59 1
30 59 1
32 59 1
33 59 1
38 59 1
39 59 1
44 59 1
48 59 1
49 59 1
51 59 1
52 59 1
54 59 1
57 59 1
7 60 1
9 60 1
10 60 1
12 60 1
14 60 1
22 60 1
23 60 1
26 60 1
28 60 1
39 60 1
41 60 1
44 60 1
47 60 1
50 60 1
3 61 1
8 61 1
12 61 1
14 61 1
18 61 1
19 61 1
22 61 1
26 61 1
27 61 1
30 61 1
32 61 1
34 61 1
50 61 1
52 61 1
53 61 1
56 61 1
60 61 1
1 62 1
16 62 1
19 62 1
27 62 1
32 62 1
36 62 1
37 62 1
38 62 1
41 62 1
43 62 1
47 62 1
49 62 1
50 62 1
51 62 1
57 62 1
3 63 1
6 63 1
11 63 1
12 63 1
17 63 1
19 63 1
20 63 1
21 63 1
24 63 1
25 63 1
32 63 1
34 63 1
38 63 1
40 63 1
48 63 1
51 63 1
52 63 1
53 63 1
54 63 1
55 63 1
56 63 1
57 63 1
58 63 1
59 63 1
60 63 1
2 64 1
10 64 1
13 64 1
34 64 1
44 64 1
46 64 1
47 64 1
51 64 1
2 65 1
10 65 1
11 65 1
20 65 1
28 65 1
30 65 1
35 65 1
36 65 1
40 65 1
42 65 1
53 65 1
56 65 1
2 66 1
12 66 1
20 66 1
21 66 1
22 66 1
30 66 1
33 66 1
34 66 1
38 66 1
39 66 1
42 66 1
46 66 1
51 66 1
52 66 1
58 66 1
59 66 1
62 66 1
63 66 1
5 67 1
6 67 1
7 67 1
10 67 1
12 67 1
13 67 1
24 67 1
38 67 1
39 67 1
40 67 1
43 67 1
45 67 1
49 67 1
50 67 1
55 67 1
61 67 1
65 67 1
3 68 1
7 68 1
8 68 1
13 68 1
17 68 1
22 68 1
23 68 1
25 68 1
31 68 1
35 68 1
39 68 1
40 68 1
41 68 1
42 68 1
49 68 1
52 68 1
53 68 1
57 68 1
60 68 1
61 68 1
8 69 1
9 69 1
14 69 1
19 69 1
21 69 1
22 69 1
24 69 1
37 69 1
41 69 1
42 69 1
43 69 1
44 69 1
45 69 1
52 69 1
55 69 1
56 69 1
57 69 1
67 69 1
1 70 1
3 70 1
6 70 1
7 70 1
11 70 1
14 70 1
16 70 1
18 70 1
20 70 1
27 70 1
28 70 1
31 70 1
32 70 1
38 70 1
45 70 1
46 70 1
56 70 1
64 70 1
65 70 1
66 70 1
68 70 1
2 71 1
10 71 1
17 71 1
18 71 1
23 71 1
28 71 1
32 71 1
38 71 1
39 71 1
40 71 1
44 71 1
47 71 1
51 71 1
55 71 1
61 71 1
62 71 1
3 72 1
10 72 1
15 72 1
19 72 1
22 72 1
25 72 1
28 72 1
32 72 1
34 72 1
36 72 1
43 72 1
44 72 1
47 72 1
49 72 1
51 72 1
58 72 1
60 72 1
61 72 1
63 72 1
2 73 1
3 73 1
9 73 1
11 73 1
33 73 1
41 73 1
45 73 1
68 73 1
72 73 1
5 74 1
12 74 1
16 74 1
23 74 1
24 74 1
32 74 1
34 74 1
36 74 1
42 74 1
44 74 1
49 74 1
56 74 1
57 74 1
59 74 1
60 74 1
66 74 1
72 74 1
1 75 1
5 75 1
10 75 1
11 75 1
17 75 1
21 75 1
26 75 1
27 75 1
28 75 1
29 75 1
33 75 1
41 75 1
45 75 1
48 75 1
53 75 1
56 75 1
57 75 1
59 75 1
63 75 1
67 75 1
70 75 1
71 75 1
73 75 1
8 76 1
9 76 1
17 76 1
24 76 1
25 76 1
29 76 1
31 76 1
37 76 1
46 76 1
50 76 1
54 76 1
66 76 1
71 76 1
74 76 1
1 77 1
2 77 1
3 77 1
4 77 1
7 77 1
10 77 1
15 77 1
21 77 1
35 77 1
37 77 1
38 77 1
46 77 1
47 77 1
48 77 1
55 77 1
58 77 1
59 77 1
61 77 1
63 77 1
68 77 1
70 77 1
71 77 1
72 77 1
73 77 1
74 77 1
75 77 1
76 77 1
1 78 1
2 78 1
5 78 1
8 78 1
20 78 1
22 78 1
23 78 1
34 78 1
36 78 1
38 78 1
39 78 1
43 78 1
46 78 1
51 78 1
55 78 1
62 78 1
69 78 1
71 78 1
5 79 1
7 79 1
11 79 1
12 79 1
13 79 1
14 79 1
26 79 1
27 79 1
38 79 1
42 79 1
51 79 1
65 79 1
69 79 1
70 79 1
72 79 1
78 79 1
2 80 1
4 80 1
6 80 1
10 80 1
16 80 1
17 80 1
20 80 1
22 80 1
24 80 1
25 80 1
31 80 1
41 80 1
42 80 1
45 80 1
50 80 1
60 80 1
62 80 1
63 80 1
79 80 1
1 81 1
5 81 1
8 81 1
12 81 1
14 81 1
15 81 1
18 81 1
28 81 1
38 81 1
39 81 1
41 81 1
46 81 1
50 81 1
51 81 1
54 81 1
56 81 1
60 81 1
61 81 1
73 81 1
3 82 1
17 82 1
18 82 1
20 82 1
25 82 1
26 82 1
31 82 1
33 82 1
35 82 1
37 82 1
42 82 1
43 82 1
45 82 1
50 82 1
60 82 1
63 82 1
65 82 1
66 82 1
69 82 1
76 82 1
77 82 1
78 82 1
3 83 1
4 83 1
5 83 1
9 83 1
12 83 1
13 83 1
17 83 1
18 83 1
23 83 1
30 83 1
36 83 1
37 83 1
40 83 1
46 83 1
55 83 1
56 83 1
67 83 1
69 83 1
71 83 1
74 83 1
76 83 1
78 83 1
80 83 1
81 83 1
2 84 1
11 84 1
15 84 1
22 84 1
27 84 1
32 84 1
33 84 1
36 84 1
38 84 1
39 84 1
40 84 1
41 84 1
45 84 1
48 84 1
49 84 1
52 84 1
54 84 1
65 84 1
66 84 1
69 84 1
71 84 1
73 84 1
79 84 1
1 85 1
9 85 1
10 85 1
12 85 1
17 85 1
18 85 1
21 85 1
25 85 1
26 85 1
27 85 1
34 85 1
36 85 1
38 85 1
41 85 1
42 85 1
48 85 1
52 85 1
54 85 1
56 85 1
57 85 1
63 85 1
68 85 1
70 85 1
83 85 1
1 86 1
3 86 1
7 86 1
11 86 1
12 86 1
13 86 1
17 86 1
25 86 1
30 86 1
36 86 1
44 86 1
46 86 1
55 86 1
56 86 1
59 86 1
63 86 1
67 86 1
68 86 1
71 86 1
79 86 1
83 86 1
84 86 1
8 87 1
13 87 1
14 87 1
15 87 1
17 87 1
20 87 1
22 87 1
33 87 1
35 87 1
37 87 1
38 87 1
40 87 1
43 87 1
45 87 1
56 87 1
59 87 1
61 87 1
65 87 1
69 87 1
71 87 1
82 87 1
83 87 1
5 88 1
10 88 1
13 88 1
16 88 1
21 88 1
23 88 1
25 88 1
27 88 1
28 88 1
31 88 1
32 88 1
38 88 1
43 88 1
46 88 1
51 88 1
52 88 1
54 88 1
58 88 1
67 88 1
68 88 1
69 88 1
72 88 1
78 88 1
79 88 1
80 88 1
87 88 1
5 89 1
14 89 1
16 89 1
23 89 1
25 89 1
26 89 1
27 89 1
30 89 1
31 89 1
32 89 1
34 89 1
40 89 1
44 89 1
45 89 1
46 89 1
51 89 1
53 89 1
55 89 1
66 89 1
68 89 1
2 90 1
10 90 1
12 90 1
15 90 1
19 90 1
27 90 1
29 90 1
39 90 1
44 90 1
45 90 1
49 90 1
51 90 1
53 90 1
54 90 1
60 90 1
62 90 1
63 90 1
70 90 1
71 90 1
72 90 1
76 90 1
81 90 1
83 90 1
84 90 1
85 90 1
88 90 1
7 91 1
17 91 1
22 91 1
34 91 1
42 91 1
44 91 1
46 91 1
47 91 1
49 91 1
51 91 1
55 91 1
59 91 1
61 91 1
62 91 1
64 91 1
66 91 1
75 91 1
76 91 1
77 91 1
84 91 1
1 92 1
3 92 1
5 92 1
9 92 1
11 92 1
12 92 1
20 92 1
23 92 1
30 92 1
36 92 1
41 92 1
44 92 1
49 92 1
54 92 1
58 92 1
63 92 1
64 92 1
67 92 1
68 92 1
72 92 1
75 92 1
79 92 1
83 92 1
86 92 1
88 92 1
89 92 1
2 93 1
3 93 1
5 93 1
8 93 1
15 93 1
22 93 1
30 93 1
34 93 1
39 93 1
42 93 1
46 93 1
48 93 1
50 93 1
57 93 1
58 93 1
59 93 1
61 93 1
65 93 1
68 93 1
69 93 1
70 93 1
71 93 1
77 93 1
78 93 1
80 93 1
84 93 1
86 93 1
89 93 1
91 93 1
92 93 1
1 94 1
9 94 1
10 94 1
11 94 1
14 94 1
15 94 1
21 94 1
24 94 1
30 94 1
34 94 1
42 94 1
44 94 1
45 94 1
48 94 1
49 94 1
55 94 1
58 94 1
59 94 1
61 94 1
65 94 1
67 94 1
69 94 1
73 94 1
77 94 1
78 94 1
79 94 1
81 94 1
87 94 1
1 95 1
2 95 1
10 95 1
12 95 1
15 95 1
19 95 1
22 95 1
28 95 1
29 95 1
35 95 1
46 95 1
47 95 1
51 95 1
52 95 1
57 95 1
62 95 1
63 95 1
65 95 1
69 95 1
74 95 1
75 95 1
79 95 1
80 95 1
82 95 1
85 95 1
90 95 1
92 95 1
1 96 1
3 96 1
6 96 1
12 96 1
16 96 1
19 96 1
20 96 1
21 96 1
22 96 1
23 96 1
25 96 1
30 96 1
31 96 1
34 96 1
41 96 1
47 96 1
48 96 1
52 96 1
65 96 1
66 96 1
70 96 1
72 96 1
75 96 1
83 96 1
86 96 1
87 96 1
95 96 1
4 97 1
6 97 1
14 97 1
16 97 1
18 97 1
19 97 1
23 97 1
24 97 1
26 97 1
27 97 1
38 97 1
52 97 1
54 97 1
56 97 1
58 97 1
60 97 1
76 97 1
78 97 1
79 97 1
82 97 1
90 97 1
94 97 1
3 98 1
4 98 1
7 98 1
10 98 1
11 98 1
14 98 1
15 98 1
19 98 1
21 98 1
24 98 1
28 98 1
34 98 1
40 98 1
44 98 1
46 98 1
49 98 1
57 98 1
60 98 1
73 98 1
75 98 1
79 98 1
84 98 1
87 98 1
89 98 1
92 98 1
93 98 1
94 98 1
96 98 1
3 99 1
10 99 1
17 99 1
21 99 1
26 99 1
29 99 1
32 99 1
35 99 1
37 99 1
39 99 1
42 99 1
45 99 1
51 99 1
53 99 1
68 99 1
70 99 1
72 99 1
74 99 1
77 99 1
82 99 1
84 99 1
85 99 1
90 99 1
5 100 1
8 100 1
11 100 1
13 100 1
15 100 1
33 100 1
34 100 1
35 100 1
41 100 1
42 100 1
56 100 1
68 100 1
79 100 1
81 100 1
82 100 1
85 100 1
88 100 1
89 100 1
95 100 1
99 100 1
2 101 1
8 101 1
9 101 1
14 101 1
16 101 1
19 101 1
23 101 1
25 101 1
26 101 1
28 101 1
29 101 1
32 101 1
35 101 1
48 101 1
54 101 1
70 101 1
73 101 1
78 101 1
84 101 1
90 101 1
92 101 1
93 101 1
95 101 1
1 102 1
3 102 1
6 102 1
13 102 1
18 102 1
19 102 1
20 102 1
21 102 1
23 102 1
26 102 1
29 102 1
39 102 1
40 102 1
42 102 1
44 102 1
45 102 1
47 102 1
48 102 1
49 102 1
56 102 1
63 102 1
68 102 1
71 102 1
72 102 1
73 102 1
78 102 1
82 102 1
87 102 1
5 103 1
23 103 1
27 103 1
29 103 1
36 103 1
44 103 1
52 103 1
54 103 1
56 103 1
60 103 1
65 103 1
66 103 1
78 103 1
79 103 1
83 103 1
84 103 1
86 103 1
88 103 1
98 103 1
100 103 1
102 103 1
1 104 1
2 104 1
4 104 1
6 104 1
8 104 1
11 104 1
17 104 1
18 104 1
23 104 1
26 104 1
29 104 1
32 104 1
35 104 1
39 104 1
41 104 1
42 104 1
43 104 1
49 104 1
62 104 1
66 104 1
69 104 1
76 104 1
81 104 1
84 104 1
87 104 1
91 104 1
93 104 1
94 104 1
97 104 1
98 104 1
1 105 1
3 105 1
18 105 1
19 105 1
23 105 1
24 105 1
25 105 1
27 105 1
30 105 1
32 105 1
36 105 1
40 105 1
44 105 1
51 105 1
52 105 1
66 105 1
73 105 1
74 105 1
75 105 1
79 105 1
80 105 1
84 105 1
85 105 1
88 105 1
93 105 1
94 105 1
104 105 1
1 106 1
4 106 1
11 106 1
17 106 1
20 106 1
23 106 1
35 106 1
40 106 1
41 106 1
57 106 1
58 106 1
60 106 1
70 106 1
71 106 1
74 106 1
75 106 1
81 106 1
83 106 1
84 106 1
102 106 1
103 106 1
104 106 1
5 107 1
6 107 1
8 107 1
11 107 1
25 107 1
28 107 1
31 107 1
38 107 1
39 107 1
40 107 1
43 107 1
45 107 1
48 107 1
51 107 1
54 107 1
56 107 1
59 107 1
62 107 1
71 107 1
78 107 1
81 107 1
87 107 1
91 107 1
97 107 1
101 107 1
103 107 1
106 107 1
8 108 1
10 108 1
15 108 1
24 108 1
26 108 1
33 108 1
34 108 1
35 108 1
39 108 1
40 108 1
46 108 1
56 108 1
60 108 1
62 108 1
63 108 1
69 108 1
75 108 1
84 108 1
87 108 1
100 108 1
101 108 1
102 108 1
3 109 1
5 109 1
7 109 1
17 109 1
18 109 1
24 109 1
37 109 1
41 109 1
44 109 1
46 109 1
50 109 1
55 109 1
56 109 1
62 109 1
63 109 1
64 109 1
67 109 1
68 109 1
70 109 1
72 109 1
78 109 1
80 109 1
83 109 1
84 109 1
93 109 1
94 109 1
99 109 1
10 110 1
12 110 1
17 110 1
21 110 1
25 110 1
28 110 1
29 110 1
33 110 1
35 110 1
36 110 1
50 110 1
58 110 1
59 110 1
65 110 1
72 110 1
73 110 1
75 110 1
78 110 1
82 110 1
88 110 1
93 110 1
102 110 1
103 110 1
108 110 1
5 111 1
6 111 1
10 111 1
12 111 1
15 111 1
17 111 1
25 111 1
26 111 1
27 111 1
29 111 1
35 111 1
41 111 1
47 111 1
48 111 1
53 111 1
54 111 1
57 111 1
59 111 1
62 111 1
64 111 1
72 111 1
74 111 1
77 111 1
84 111 1
85 111 1
93 111 1
94 111 1
97 111 1
98 111 1
99 111 1
101 111 1
102 111 1
109 111 1
2 112 1
5 112 1
12 112 1
15 112 1
19 112 1
24 112 1
30 112 1
31 112 1
36 112 1
51 112 1
56 112 1
57 112 1
62 112 1
64 112 1
65 112 1
66 112 1
67 112 1
68 112 1
70 112 1
74 112 1
75 112 1
76 112 1
77 112 1
79 112 1
82 112 1
84 112 1
86 112 1
90 112 1
92 112 1
98 112 1
101 112 1
105 112 1
108 112 1
110 112 1
1 113 1
6 113 1
9 113 1
12 113 1
13 113 1
23 113 1
26 113 1
36 113 1
37 113 1
38 113 1
40 113 1
42 113 1
44 113 1
57 113 1
58 113 1
60 113 1
63 113 1
64 113 1
65 113 1
66 113 1
67 113 1
72 113 1
73 113 1
78 113 1
79 113 1
84 113 1
86 113 1
87 113 1
90 113 1
93 113 1
97 113 1
99 113 1
100 113 1
103 113 1
104 113 1
106 113 1
107 113 1
108 113 1
112 113 1
1 114 1
2 114 1
4 114 1
7 114 1
8 114 1
14 114 1
15 114 1
18 114 1
19 114 1
22 114 1
23 114 1
25 114 1
26 114 1
38 114 1
42 114 1
50 114 1
53 114 1
54 114 1
58 114 1
74 114 1
79 114 1
81 114 1
86 114 1
87 114 1
88 114 1
89 114 1
98 114 1
105 114 1
110 114 1
4 115 1
6 115 1
7 115 1
13 115 1
15 115 1
23 115 1
26 115 1
33 115 1
40 115 1
47 115 1
55 115 1
57 115 1
62 115 1
63 115 1
66 115 1
70 115 1
79 115 1
83 115 1
84 115 1
85 115 1
86 115 1
89 115 1
92 115 1
95 115 1
97 115 1
100 115 1
102 115 1
106 115 1
107 115 1
109 115 1
112 115 1
113 115 1
2 116 1
3 116 1
9 116 1
10 116 1
13 116 1
15 116 1
16 116 1
20 116 1
23 116 1
24 116 1
25 116 1
28 116 1
30 116 1
34 116 1
35 116 1
36 116 1
44 116 1
50 116 1
51 116 1
52 116 1
62 116 1
66 116 1
68 116 1
71 116 1
83 116 1
85 116 1
86 116 1
88 116 1
91 116 1
93 116 1
102 116 1
105 116 1
113 116 1
114 116 1
115 116 1
3 117 1
5 117 1
7 117 1
11 117 1
18 117 1
26 117 1
28 117 1
32 117 1
34 117 1
35 117 1
37 117 1
38 117 1
40 117 1
45 117 1
52 117 1
53 117 1
68 117 1
69 117 1
71 117 1
79 117 1
84 117 1
85 117 1
91 117 1
97 117 1
101 117 1
103 117 1
105 117 1
108 117 1
109 117 1
116 117 1
5 118 1
12 118 1
19 118 1
22 118 1
28 118 1
36 118 1
37 118 1
41 118 1
46 118 1
50 118 1
52 118 1
54 118 1
55 118 1
59 118 1
60 118 1
67 118 1
68 118 1
69 118 1
70 118 1
71 118 1
72 118 1
79 118 1
90 118 1
92 118 1
96 118 1
98 118 1
100 118 1
106 118 1
108 118 1
115 118 1
9 119 1
15 119 1
18 119 1
21 119 1
22 119 1
32 119 1
34 119 1
36 119 1
38 119 1
43 119 1
44 119 1
45 119 1
47 119 1
51 119 1
52 119 1
53 119 1
54 119 1
56 119 1
57 119 1
58 119 1
65 119 1
66 119 1
73 119 1
77 119 1
82 119 1
84 119 1
86 119 1
87 119 1
89 119 1
97 119 1
101 119 1
102 119 1
112 119 1
113 119 1
116 119 1
117 119 1
4 120 1
15 120 1
22 120 1
24 120 1
30 120 1
37 120 1
40 120 1
41 120 1
45 120 1
46 120 1
47 120 1
55 120 1
59 120 1
61 120 1
63 120 1
78 120 1
79 120 1
81 120 1
83 120 1
88 120 1
93 120 1
97 120 1
101 120 1
106 120 1
109 120 1
112 120 1
113 120 1
114 120 1
119 120 1
5 121 1
20 121 1
26 121 1
38 121 1
42 121 1
44 121 1
46 121 1
47 121 1
54 121 1
56 121 1
62 121 1
65 121 1
67 121 1
71 121 1
83 121 1
90 121 1
91 121 1
94 121 1
95 121 1
97 121 1
101 121 1
102 121 1
103 121 1
104 121 1
109 121 1
110 121 1
117 121 1
1 122 1
3 122 1
5 122 1
7 122 1
10 122 1
15 122 1
17 122 1
18 122 1
23 122 1
24 122 1
26 122 1
27 122 1
28 122 1
29 122 1
35 122 1
36 122 1
38 122 1
43 122 1
51 122 1
53 122 1
54 122 1
55 122 1
69 122 1
74 122 1
76 122 1
82 122 1
84 122 1
86 122 1
89 122 1
92 122 1
97 122 1
100 122 1
119 122 1
20 123 1
26 123 1
35 123 1
36 123 1
40 123 1
41 123 1
42 123 1
51 123 1
55 123 1
59 123 1
60 123 1
62 123 1
63 123 1
66 123 1
67 123 1
77 123 1
80 123 1
81 123 1
82 123 1
84 123 1
85 123 1
87 123 1
92 123 1
96 123 1
98 123 1
100 123 1
103 123 1
110 123 1
111 123 1
117 123 1
119 123 1
120 123 1
121 123 1
122 123 1
2 124 1
3 124 1
6 124 1
7 124 1
8 124 1
14 124 1
15 124 1
16 124 1
18 124 1
32 124 1
33 124 1
42 124 1
45 124 1
46 124 1
50 124 1
51 124 1
57 124 1
61 124 1
66 124 1
72 124 1
75 124 1
76 124 1
84 124 1
96 124 1
97 124 1
99 124 1
100 124 1
102 124 1
111 124 1
113 124 1
1 125 1
6 125 1
10 125 1
13 125 1
20 125 1
23 125 1
33 125 1
41 125 1
42 125 1
45 125 1
55 125 1
56 125 1
57 125 1
58 125 1
59 125 1
66 125 1
74 125 1
87 125 1
93 125 1
98 125 1
102 125 1
103 125 1
110 125 1
111 125 1
113 125 1
119 125 1
120 125 1
124 125 1
1 126 1
2 126 1
7 126 1
9 126 1
11 126 1
20 126 1
21 126 1
30 126 1
35 126 1
36 126 1
37 126 1
38 126 1
41 126 1
55 126 1
57 126 1
58 126 1
61 126 1
65 126 1
66 126 1
67 126 1
69 126 1
73 126 1
76 126 1
80 126 1
83 126 1
89 126 1
90 126 1
102 126 1
106 126 1
107 126 1
108 126 1
109 126 1
111 126 1
119 126 1
120 126 1
123 126 1
9 127 1
14 127 1
21 127 1
24 127 1
27 127 1
29 127 1
31 127 1
32 127 1
33 127 1
34 127 1
35 127 1
37 127 1
38 127 1
40 127 1
41 127 1
48 127 1
51 127 1
53 127 1
59 127 1
66 127 1
72 127 1
78 127 1
88 127 1
96 127 1
98 127 1
102 127 1
106 127 1
116 127 1
122 127 1
125 127 1
126 127 1
1 128 1
5 128 1
6 128 1
9 128 1
18 128 1
20 128 1
27 128 1
35 128 1
39 128 1
49 128 1
52 128 1
53 128 1
58 128 1
65 128 1
70 128 1
81 128 1
83 128 1
85 128 1
86 128 1
92 128 1
94 128 1
95 128 1
104 128 1
105 128 1
106 128 1
108 128 1
109 128 1
112 128 1
114 128 1
121 128 1
123 128 1
126 128 1
127 128 1
4 129 1
6 129 1
15 129 1
18 129 1
19 129 1
25 129 1
27 129 1
28 129 1
31 129 1
32 129 1
35 129 1
39 129 1
41 129 1
43 129 1
46 129 1
52 129 1
53 129 1
55 129 1
58 129 1
60 129 1
69 129 1
73 129 1
74 129 1
78 129 1
80 129 1
84 129 1
87 129 1
93 129 1
94 129 1
99 129 1
109 129 1
115 129 1
116 129 1
119 129 1
121 129 1
122 129 1
1 130 1
2 130 1
4 130 1
7 130 1
11 130 1
32 130 1
39 130 1
45 130 1
47 130 1
51 130 1
52 130 1
53 130 1
57 130 1
69 130 1
71 130 1
72 130 1
79 130 1
86 130 1
91 130 1
94 130 1
97 130 1
103 130 1
104 130 1
105 130 1
112 130 1
113 130 1
114 130 1
127 130 1
129 130 1
6 131 1
12 131 1
24 131 1
26 131 1
30 131 1
33 131 1
34 131 1
35 131 1
37 131 1
46 131 1
47 131 1
51 131 1
60 131 1
63 131 1
69 131 1
73 131 1
84 131 1
88 131 1
92 131 1
95 131 1
96 131 1
99 131 1
106 131 1
109 131 1
118 131 1
122 131 1
123 131 1
3 132 1
7 132 1
14 132 1
18 132 1
24 132 1
26 132 1
29 132 1
31 132 1
34 132 1
38 132 1
43 132 1
45 132 1
53 132 1
61 132 1
65 132 1
79 132 1
84 132 1
86 132 1
87 132 1
94 132 1
95 132 1
98 132 1
105 132 1
109 132 1
113 132 1
119 132 1
124 132 1
3 133 1
5 133 1
7 133 1
8 133 1
12 133 1
15 133 1
21 133 1
33 133 1
38 133 1
56 133 1
58 133 1
61 133 1
62 133 1
66 133 1
72 133 1
79 133 1
80 133 1
82 133 1
94 133 1
98 133 1
101 133 1
102 133 1
108 133 1
114 133 1
120 133 1
121 133 1
124 133 1
132 133 1
2 134 1
4 134 1
12 134 1
16 134 1
19 134 1
20 134 1
33 134 1
35 134 1
49 134 1
50 134 1
52 134 1
58 134 1
63 134 1
64 134 1
70 134 1
71 134 1
77 134 1
80 134 1
83 134 1
84 134 1
87 134 1
89 134 1
95 134 1
97 134 1
100 134 1
102 134 1
103 134 1
106 134 1
117 134 1
121 134 1
2 135 1
7 135 1
8 135 1
9 135 1
11 135 1
16 135 1
18 135 1
19 135 1
39 135 1
40 135 1
41 135 1
51 135 1
52 135 1
54 135 1
55 135 1
62 135 1
66 135 1
67 135 1
75 135 1
82 135 1
88 135 1
97 135 1
101 135 1
104 135 1
111 135 1
123 135 1
126 135 1
128 135 1
130 135 1
132 135 1
134 135 1
13 136 1
15 136 1
16 136 1
18 136 1
19 136 1
20 136 1
23 136 1
24 136 1
25 136 1
27 136 1
28 136 1
29 136 1
32 136 1
43 136 1
44 136 1
47 136 1
50 136 1
53 136 1
54 136 1
58 136 1
59 136 1
63 136 1
65 136 1
68 136 1
72 136 1
73 136 1
79 136 1
86 136 1
90 136 1
94 136 1
97 136 1
101 136 1
106 136 1
110 136 1
111 136 1
113 136 1
114 136 1
119 136 1
121 136 1
124 136 1
127 136 1
131 136 1
133 136 1
134 136 1
2 137 1
3 137 1
7 137 1
9 137 1
10 137 1
12 137 1
14 137 1
19 137 1
23 137 1
25 137 1
28 137 1
30 137 1
32 137 1
39 137 1
44 137 1
52 137 1
53 137 1
55 137 1
64 137 1
65 137 1
66 137 1
67 137 1
68 137 1
72 137 1
74 137 1
76 137 1
79 137 1
82 137 1
89 137 1
93 137 1
105 137 1
108 137 1
111 137 1
113 137 1
114 137 1
129 137 1
131 137 1
132 137 1
133 137 1
135 137 1
1 138 1
7 138 1
10 138 1
17 138 1
18 138 1
19 138 1
23 138 1
25 138 1
27 138 1
32 138 1
38 138 1
52 138 1
60 138 1
64 138 1
65 138 1
66 138 1
67 138 1
72 138 1
73 138 1
76 138 1
77 138 1
82 138 1
84 138 1
89 138 1
91 138 1
93 138 1
98 138 1
110 138 1
112 138 1
115 138 1
122 138 1
133 138 1
2 139 1
3 139 1
4 139 1
6 139 1
8 139 1
11 139 1
16 139 1
18 139 1
36 139 1
38 139 1
40 139 1
44 139 1
46 139 1
48 139 1
56 139 1
59 139 1
61 139 1
62 139 1
66 139 1
67 139 1
81 139 1
98 139 1
105 139 1
107 139 1
108 139 1
110 139 1
126 139 1
131 139 1
133 139 1
3 140 1
5 140 1
8 140 1
9 140 1
11 140 1
22 140 1
23 140 1
24 140 1
27 140 1
29 140 1
30 140 1
31 140 1
33 140 1
37 140 1
41 140 1
46 140 1
51 140 1
53 140 1
56 140 1
57 140 1
59 140 1
66 140 1
74 140 1
75 140 1
76 140 1
79 140 1
81 140 1
82 140 1
87 140 1
89 140 1
97 140 1
104 140 1
105 140 1
106 140 1
108 140 1
111 140 1
114 140 1
116 140 1
117 140 1
123 140 1
126 140 1
130 140 1
132 140 1
136 140 1
138 140 1
1 141 1
9 141 1
14 141 1
19 141 1
26 141 1
27 141 1
33 141 1
48 141 1
50 141 1
51 141 1
54 141 1
56 141 1
59 141 1
61 141 1
67 141 1
69 141 1
70 141 1
72 141 1
80 141 1
83 141 1
89 141 1
90 141 1
97 141 1
100 141 1
107 141 1
112 141 1
119 141 1
120 141 1
123 141 1
131 141 1
140 141 1
6 142 1
9 142 1
15 142 1
17 142 1
19 142 1
21 142 1
24 142 1
25 142 1
30 142 1
33 142 1
37 142 1
38 142 1
39 142 1
40 142 1
41 142 1
42 142 1
54 142 1
58 142 1
60 142 1
70 142 1
76 142 1
79 142 1
81 142 1
84 142 1
87 142 1
88 142 1
89 142 1
91 142 1
93 142 1
99 142 1
103 142 1
105 142 1
109 142 1
113 142 1
116 142 1
119 142 1
127 142 1
128 142 1
139 142 1
140 142 1
141 142 1
5 143 1
9 143 1
10 143 1
13 143 1
14 143 1
21 143 1
29 143 1
32 143 1
37 143 1
38 143 1
51 143 1
52 143 1
54 143 1
57 143 1
66 143 1
71 143 1
75 143 1
76 143 1
82 143 1
84 143 1
90 143 1
92 143 1
93 143 1
98 143 1
102 143 1
106 143 1
108 143 1
112 143 1
116 143 1
117 143 1
128 143 1
129 143 1
137 143 1
139 143 1
140 143 1
2 144 1
7 144 1
11 144 1
15 144 1
17 144 1
20 144 1
21 144 1
22 144 1
24 144 1
25 144 1
27 144 1
31 144 1
32 144 1
34 144 1
45 144 1
57 144 1
61 144 1
74 144 1
86 144 1
87 144 1
88 144 1
99 144 1
105 144 1
108 144 1
110 144 1
121 144 1
131 144 1
2 145 1
4 145 1
6 145 1
11 145 1
22 145 1
37 145 1
42 145 1
48 145 1
49 145 1
54 145 1
55 145 1
56 145 1
62 145 1
65 145 1
70 145 1
74 145 1
81 145 1
83 145 1
84 145 1
87 145 1
93 145 1
100 145 1
101 145 1
102 145 1
115 145 1
116 145 1
118 145 1
122 145 1
125 145 1
142 145 1
2 146 1
3 146 1
4 146 1
9 146 1
15 146 1
16 146 1
22 146 1
26 146 1
31 146 1
32 146 1
37 146 1
39 146 1
40 146 1
42 146 1
50 146 1
52 146 1
59 146 1
60 146 1
66 146 1
68 146 1
69 146 1
70 146 1
74 146 1
81 146 1
85 146 1
86 146 1
93 146 1
94 146 1
101 146 1
103 146 1
114 146 1
124 146 1
125 146 1
127 146 1
131 146 1
140 146 1
142 146 1
6 147 1
9 147 1
13 147 1
17 147 1
26 147 1
30 147 1
33 147 1
41 147 1
45 147 1
52 147 1
58 147 1
66 147 1
69 147 1
70 147 1
73 147 1
74 147 1
79 147 1
87 147 1
92 147 1
97 147 1
106 147 1
108 147 1
118 147 1
120 147 1
127 147 1
131 147 1
136 147 1
144 147 1
146 147 1
7 148 1
8 148 1
14 148 1
15 148 1
18 148 1
22 148 1
26 148 1
28 148 1
34 148 1
36 148 1
44 148 1
45 148 1
46 148 1
47 148 1
66 148 1
75 148 1
76 148 1
78 148 1
81 148 1
82 148 1
86 148 1
93 148 1
95 148 1
97 148 1
101 148 1
104 148 1
108 148 1
112 148 1
116 148 1
119 148 1
120 148 1
123 148 1
124 148 1
129 148 1
137 148 1
144 148 1
146 148 1
6 149 1
7 149 1
12 149 1
15 149 1
20 149 1
22 149 1
27 149 1
29 149 1
32 149 1
33 149 1
34 149 1
36 149 1
37 149 1
44 149 1
46 149 1
49 149 1
50 149 1
53 149 1
55 149 1
59 149 1
63 149 1
69 149 1
70 149 1
83 149 1
89 149 1
101 149 1
104 149 1
105 149 1
106 149 1
108 149 1
113 149 1
115 149 1
116 149 1
121 149 1
124 149 1
130 149 1
138 149 1
140 149 1
143 149 1
145 149 1
146 149 1
147 149 1
1 150 1
5 150 1
8 150 1
17 150 1
22 150 1
28 150 1
32 150 1
38 150 1
45 150 1
54 150 1
61 150 1
64 150 1
67 150 1
70 150 1
72 150 1
76 150 1
78 150 1
82 150 1
84 150 1
85 150 1
90 150 1
97 150 1
98 150 1
103 150 1
107 150 1
114 150 1
117 150 1
118 150 1
119 150 1
120 150 1
131 150 1
137 150 1
138 150 1
140 150 1
144 150 1
146 150 1
147 150 1
148 150 1
149 150 1
1 151 1
15 151 1
22 151 1
25 151 1
26 151 1
28 151 1
29 151 1
30 151 1
32 151 1
38 151 1
39 151 1
41 151 1
45 151 1
56 151 1
58 151 1
59 151 1
61 151 1
81 151 1
83 151 1
91 151 1
93 151 1
96 151 1
97 151 1
102 151 1
108 151 1
115 151 1
119 151 1
130 151 1
131 151 1
147 151 1
149 151 1
150 151 1
5 152 1
7 152 1
13 152 1
14 152 1
15 152 1
18 152 1
19 152 1
20 152 1
23 152 1
28 152 1
31 152 1
32 152 1
40 152 1
42 152 1
47 152 1
48 152 1
54 152 1
59 152 1
60 152 1
61 152 1
67 152 1
68 152 1
70 152 1
74 152 1
78 152 1
83 152 1
86 152 1
94 152 1
95 152 1
96 152 1
97 152 1
101 152 1
102 152 1
103 152 1
105 152 1
108 152 1
109 152 1
113 152 1
118 152 1
122 152 1
127 152 1
144 152 1
146 152 1
149 152 1
1 153 1
5 153 1
8 153 1
13 153 1
17 153 1
27 153 1
29 153 1
30 153 1
34 153 1
38 153 1
39 153 1
44 153 1
45 153 1
46 153 1
56 153 1
61 153 1
64 153 1
68 153 1
71 153 1
72 153 1
73 153 1
74 153 1
84 153 1
90 153 1
91 153 1
92 153 1
93 153 1
99 153 1
100 153 1
104 153 1
105 153 1
108 153 1
110 153 1
111 153 1
113 153 1
118 153 1
119 153 1
120 153 1
128 153 1
132 153 1
133 153 1
140 153 1
147 153 1
6 154 1
12 154 1
14 154 1
15 154 1
19 154 1
20 154 1
22 154 1
26 154 1
35 154 1
44 154 1
47 154 1
52 154 1
53 154 1
54 154 1
64 154 1
65 154 1
66 154 1
68 154 1
69 154 1
74 154 1
77 154 1
79 154 1
86 154 1
87 154 1
90 154 1
92 154 1
93 154 1
95 154 1
98 154 1
100 154 1
105 154 1
113 154 1
119 154 1
120 154 1
122 154 1
124 154 1
127 154 1
129 154 1
130 154 1
143 154 1
148 154 1
149 154 1
151 154 1
153 154 1
2 155 1
7 155 1
10 155 1
17 155 1
18 155 1
20 155 1
28 155 1
31 155 1
32 155 1
43 155 1
45 155 1
46 155 1
50 155 1
52 155 1
54 155 1
55 155 1
56 155 1
61 155 1
63 155 1
66 155 1
68 155 1
76 155 1
79 155 1
80 155 1
85 155 1
91 155 1
93 155 1
101 155 1
103 155 1
105 155 1
107 155 1
111 155 1
112 155 1
113 155 1
118 155 1
119 155 1
120 155 1
123 155 1
146 155 1
150 155 1
153 155 1
154 155 1
2 156 1
4 156 1
5 156 1
11 156 1
13 156 1
15 156 1
17 156 1
20 156 1
22 156 1
33 156 1
34 156 1
36 156 1
42 156 1
43 156 1
44 156 1
45 156 1
48 156 1
49 156 1
52 156 1
53 156 1
66 156 1
70 156 1
80 156 1
89 156 1
90 156 1
93 156 1
95 156 1
97 156 1
107 156 1
108 156 1
113 156 1
116 156 1
123 156 1
127 156 1
129 156 1
134 156 1
141 156 1
148 156 1
151 156 1
155 156 1
2 157 1
9 157 1
10 157 1
15 157 1
22 157 1
23 157 1
24 157 1
28 157 1
34 157 1
37 157 1
38 157 1
39 157 1
46 157 1
47 157 1
48 157 1
50 157 1
62 157 1
68 157 1
73 157 1
76 157 1
81 157 1
84 157 1
86 157 1
87 157 1
88 157 1
93 157 1
98 157 1
100 157 1
103 157 1
112 157 1
113 157 1
114 157 1
118 157 1
123 157 1
128 157 1
131 157 1
137 157 1
138 157 1
143 157 1
144 157 1
152 157 1
154 157 1
156 157 1
1 158 1
8 158 1
10 158 1
20 158 1
26 158 1
29 158 1
32 158 1
33 158 1
42 158 1
47 158 1
55 158 1
58 158 1
60 158 1
66 158 1
73 158 1
74 158 1
81 158 1
83 158 1
91 158 1
95 158 1
101 158 1
110 158 1
111 158 1
115 158 1
124 158 1
126 158 1
128 158 1
130 158 1
131 158 1
132 158 1
134 158 1
136 158 1
138 158 1
140 158 1
144 158 1
145 158 1
147 158 1
155 158 1
156 158 1
4 159 1
8 159 1
10 159 1
11 159 1
12 159 1
15 159 1
21 159 1
22 159 1
32 159 1
42 159 1
43 159 1
44 159 1
45 159 1
47 159 1
50 159 1
57 159 1
58 159 1
60 159 1
67 159 1
70 159 1
75 159 1
76 159 1
79 159 1
83 159 1
87 159 1
91 159 1
93 159 1
101 159 1
107 159 1
108 159 1
111 159 1
112 159 1
113 159 1
117 159 1
120 159 1
121 159 1
124 159 1
126 159 1
130 159 1
132 159 1
134 159 1
138 159 1
141 159 1
143 159 1
147 159 1
150 159 1
153 159 1
20 160 1
22 160 1
24 160 1
25 160 1
36 160 1
42 160 1
43 160 1
46 160 1
48 160 1
50 160 1
60 160 1
62 160 1
70 160 1
72 160 1
73 160 1
78 160 1
88 160 1
112 160 1
113 160 1
117 160 1
118 160 1
119 160 1
120 160 1
128 160 1
129 160 1
134 160 1
142 160 1
150 160 1
153 160 1
156 160 1
158 160 1
2 161 1
9 161 1
10 161 1
12 161 1
13 161 1
15 161 1
21 161 1
24 161 1
27 161 1
35 161 1
37 161 1
42 161 1
47 161 1
55 161 1
81 161 1
82 161 1
83 161 1
93 161 1
94 161 1
95 161 1
97 161 1
101 161 1
102 161 1
107 161 1
108 161 1
123 161 1
127 161 1
131 161 1
133 161 1
135 161 1
138 161 1
139 161 1
148 161 1
153 161 1
3 162 1
4 162 1
5 162 1
8 162 1
9 162 1
10 162 1
16 162 1
20 162 1
25 162 1
32 162 1
37 162 1
41 162 1
43 162 1
49 162 1
53 162 1
54 162 1
61 162 1
72 162 1
82 162 1
88 162 1
89 162 1
92 162 1
96 162 1
97 162 1
101 162 1
103 162 1
109 162 1
121 162 1
126 162 1
130 162 1
135 162 1
136 162 1
140 162 1
143 162 1
144 162 1
146 162 1
153 162 1
155 162 1
4 163 1
5 163 1
7 163 1
8 163 1
9 163 1
11 163 1
14 163 1
17 163 1
29 163 1
34 163 1
37 163 1
38 163 1
39 163 1
44 163 1
47 163 1
48 163 1
50 163 1
52 163 1
58 163 1
59 163 1
64 163 1
65 163 1
73 163 1
74 163 1
88 163 1
91 163 1
99 163 1
105 163 1
107 163 1
110 163 1
113 163 1
116 163 1
120 163 1
124 163 1
130 163 1
133 163 1
139 163 1
144 163 1
145 163 1
150 163 1
151 163 1
152 163 1
154 163 1
4 164 1
8 164 1
19 164 1
29 164 1
32 164 1
34 164 1
35 164 1
36 164 1
37 164 1
38 164 1
39 164 1
43 164 1
45 164 1
49 164 1
51 164 1
54 164 1
57 164 1
58 164 1
73 164 1
74 164 1
81 164 1
82 164 1
88 164 1
91 164 1
96 164 1
101 164 1
102 164 1
106 164 1
115 164 1
116 164 1
119 164 1
128 164 1
130 164 1
132 164 1
135 164 1
137 164 1
140 164 1
147 164 1
152 164 1
154 164 1
159 164 1
6 165 1
8 165 1
10 165 1
15 165 1
21 165 1
22 165 1
23 165 1
27 165 1
31 165 1
34 165 1
36 165 1
38 165 1
39 165 1
49 165 1
54 165 1
55 165 1
56 165 1
58 165 1
63 165 1
64 165 1
74 165 1
81 165 1
84 165 1
90 165 1
92 165 1
94 165 1
95 165 1
96 165 1
99 165 1
101 165 1
102 165 1
123 165 1
124 165 1
125 165 1
129 165 1
133 165 1
145 165 1
149 165 1
157 165 1
158 165 1
159 165 1
161 165 1
162 165 1
163 165 1
6 166 1
7 166 1
9 166 1
16 166 1
22 166 1
26 166 1
27 166 1
33 166 1
43 166 1
45 166 1
54 166 1
59 166 1
60 166 1
61 166 1
71 166 1
72 166 1
75 166 1
78 166 1
85 166 1
87 166 1
95 166 1
104 166 1
106 166 1
107 166 1
116 166 1
119 166 1
122 166 1
123 166 1
128 166 1
130 166 1
132 166 1
133 166 1
137 166 1
140 166 1
143 166 1
144 166 1
150 166 1
1 167 1
9 167 1
11 167 1
12 167 1
14 167 1
15 167 1
18 167 1
24 167 1
27 167 1
29 167 1
33 167 1
39 167 1
42 167 1
46 167 1
52 167 1
53 167 1
55 167 1
64 167 1
67 167 1
69 167 1
72 167 1
78 167 1
80 167 1
87 167 1
96 167 1
97 167 1
99 167 1
100 167 1
113 167 1
118 167 1
123 167 1
141 167 1
143 167 1
151 167 1
153 167 1
161 167 1
165 167 1
2 168 1
6 168 1
15 168 1
26 168 1
28 168 1
43 168 1
44 168 1
46 168 1
47 168 1
48 168 1
49 168 1
58 168 1
60 168 1
68 168 1
80 168 1
81 168 1
82 168 1
84 168 1
93 168 1
94 168 1
99 168 1
106 168 1
109 168 1
111 168 1
115 168 1
116 168 1
122 168 1
123 168 1
136 168 1
140 168 1
144 168 1
145 168 1
146 168 1
147 168 1
149 168 1
152 168 1
153 168 1
160 168 1
163 168 1
164 168 1
167 168 1
5 169 1
6 169 1
14 169 1
15 169 1
20 169 1
21 169 1
22 169 1
29 169 1
32 169 1
34 169 1
40 169 1
49 169 1
50 169 1
51 169 1
52 169 1
58 169 1
71 169 1
73 169 1
79 169 1
80 169 1
83 169 1
84 169 1
85 169 1
86 169 1
88 169 1
92 169 1
97 169 1
99 169 1
108 169 1
109 169 1
110 169 1
111 169 1
112 169 1
129 169 1
130 169 1
131 169 1
138 169 1
141 169 1
143 169 1
152 169 1
153 169 1
154 169 1
5 170 1
9 170 1
15 170 1
19 170 1
20 170 1
27 170 1
29 170 1
33 170 1
48 170 1
52 170 1
54 170 1
69 170 1
71 170 1
72 170 1
75 170 1
78 170 1
79 170 1
83 170 1
90 170 1
93 170 1
97 170 1
103 170 1
108 170 1
109 170 1
113 170 1
119 170 1
133 170 1
134 170 1
139 170 1
145 170 1
146 170 1
158 170 1
165 170 1
169 170 1
5 171 1
6 171 1
14 171 1
16 171 1
17 171 1
19 171 1
29 171 1
32 171 1
33 171 1
37 171 1
50 171 1
53 171 1
56 171 1
57 171 1
58 171 1
63 171 1
67 171 1
72 171 1
75 171 1
78 171 1
79 171 1
82 171 1
87 171 1
89 171 1
92 171 1
94 171 1
97 171 1
100 171 1
103 171 1
105 171 1
106 171 1
107 171 1
115 171 1
119 171 1
121 171 1
122 171 1
124 171 1
131 171 1
136 171 1
144 171 1
145 171 1
146 171 1
152 171 1
158 171 1
1 172 1
6 172 1
11 172 1
14 172 1
16 172 1
18 172 1
27 172 1
34 172 1
39 172 1
42 172 1
44 172 1
47 172 1
48 172 1
51 172 1
56 172 1
58 172 1
71 172 1
74 172 1
76 172 1
77 172 1
83 172 1
93 172 1
94 172 1
97 172 1
99 172 1
102 172 1
104 172 1
109 172 1
111 172 1
113 172 1
114 172 1
117 172 1
118 172 1
123 172 1
124 172 1
126 172 1
131 172 1
133 172 1
141 172 1
144 172 1
145 172 1
146 172 1
151 172 1
156 172 1
158 172 1
169 172 1
170 172 1
3 173 1
6 173 1
8 173 1
13 173 1
18 173 1
28 173 1
33 173 1
37 173 1
44 173 1
46 173 1
48 173 1
53 173 1
56 173 1
62 173 1
63 173 1
64 173 1
66 173 1
68 173 1
69 173 1
72 173 1
74 173 1
76 173 1
81 173 1
86 173 1
95 173 1
97 173 1
103 173 1
106 173 1
107 173 1
111 173 1
114 173 1
127 173 1
128 173 1
130 173 1
134 173 1
141 173 1
144 173 1
145 173 1
147 173 1
149 173 1
152 173 1
154 173 1
155 173 1
167 173 1
172 173 1
9 174 1
10 174 1
11 174 1
13 174 1
14 174 1
28 174 1
29 174 1
31 174 1
37 174 1
45 174 1
53 174 1
54 174 1
64 174 1
65 174 1
70 174 1
72 174 1
79 174 1
85 174 1
89 174 1
92 174 1
94 174 1
99 174 1
103 174 1
105 174 1
109 174 1
112 174 1
117 174 1
119 174 1
122 174 1
125 174 1
128 174 1
132 174 1
137 174 1
140 174 1
142 174 1
145 174 1
148 174 1
151 174 1
158 174 1
165 174 1
168 174 1
1 175 1
3 175 1
4 175 1
6 175 1
8 175 1
9 175 1
10 175 1
16 175 1
24 175 1
25 175 1
37 175 1
40 175 1
46 175 1
53 175 1
54 175 1
72 175 1
73 175 1
86 175 1
91 175 1
94 175 1
99 175 1
100 175 1
102 175 1
103 175 1
109 175 1
112 175 1
115 175 1
116 175 1
125 175 1
127 175 1
134 175 1
140 175 1
142 175 1
147 175 1
151 175 1
153 175 1
154 175 1
155 175 1
160 175 1
4 176 1
5 176 1
6 176 1
7 176 1
12 176 1
14 176 1
15 176 1
19 176 1
23 176 1
33 176 1
35 176 1
38 176 1
39 176 1
40 176 1
42 176 1
44 176 1
53 176 1
55 176 1
57 176 1
59 176 1
74 176 1
75 176 1
80 176 1
89 176 1
92 176 1
98 176 1
103 176 1
107 176 1
108 176 1
109 176 1
120 176 1
121 176 1
122 176 1
128 176 1
135 176 1
138 176 1
139 176 1
142 176 1
146 176 1
148 176 1
151 176 1
152 176 1
154 176 1
160 176 1
164 176 1
167 176 1
171 176 1
1 177 1
2 177 1
3 177 1
5 177 1
7 177 1
14 177 1
25 177 1
28 177 1
38 177 1
40 177 1
41 177 1
42 177 1
44 177 1
45 177 1
46 177 1
55 177 1
67 177 1
69 177 1
71 177 1
72 177 1
78 177 1
79 177 1
80 177 1
81 177 1
83 177 1
84 177 1
97 177 1
100 177 1
107 177 1
111 177 1
114 177 1
116 177 1
118 177 1
137 177 1
139 177 1
141 177 1
142 177 1
147 177 1
148 177 1
153 177 1
155 177 1
157 177 1
159 177 1
171 177 1
173 177 1
1 178 1
2 178 1
4 178 1
5 178 1
8 178 1
14 178 1
16 178 1
19 178 1
20 178 1
21 178 1
22 178 1
23 178 1
24 178 1
37 178 1
43 178 1
52 178 1
54 178 1
58 178 1
61 178 1
63 178 1
68 178 1
81 178 1
86 178 1
93 178 1
95 178 1
96 178 1
102 178 1
107 178 1
110 178 1
111 178 1
112 178 1
116 178 1
121 178 1
122 178 1
125 178 1
126 178 1
128 178 1
129 178 1
130 178 1
139 178 1
165 178 1
167 178 1
168 178 1
170 178 1
173 178 1
2 179 1
4 179 1
5 179 1
9 179 1
12 179 1
16 179 1
32 179 1
36 179 1
45 179 1
50 179 1
51 179 1
53 179 1
59 179 1
62 179 1
63 179 1
64 179 1
67 179 1
68 179 1
69 179 1
74 179 1
79 179 1
95 179 1
98 179 1
101 179 1
102 179 1
103 179 1
104 179 1
105 179 1
112 179 1
120 179 1
126 179 1
137 179 1
139 179 1
147 179 1
148 179 1
153 179 1
157 179 1
161 179 1
165 179 1
170 179 1
171 179 1
174 179 1
175 179 1
177 179 1
1 180 1
2 180 1
7 180 1
9 180 1
10 180 1
15 180 1
17 180 1
19 180 1
26 180 1
34 180 1
36 180 1
37 180 1
39 180 1
40 180 1
47 180 1
53 180 1
54 180 1
59 180 1
62 180 1
68 180 1
69 180 1
71 180 1
84 180 1
94 180 1
95 180 1
97 180 1
100 180 1
103 180 1
108 180 1
113 180 1
114 180 1
118 180 1
119 180 1
125 180 1
128 180 1
129 180 1
134 180 1
144 180 1
145 180 1
151 180 1
154 180 1
156 180 1
160 180 1
168 180 1
169 180 1
179 180 1
4 181 1
11 181 1
12 181 1
19 181 1
21 181 1
23 181 1
41 181 1
48 181 1
49 181 1
50 181 1
52 181 1
62 181 1
63 181 1
66 181 1
69 181 1
78 181 1
82 181 1
83 181 1
91 181 1
93 181 1
95 181 1
96 181 1
99 181 1
102 181 1
108 181 1
113 181 1
116 181 1
118 181 1
121 181 1
122 181 1
123 181 1
128 181 1
133 181 1
134 181 1
138 181 1
141 181 1
148 181 1
154 181 1
160 181 1
165 181 1
170 181 1
175 181 1
177 181 1
180 181 1
1 182 1
2 182 1
6 182 1
11 182 1
12 182 1
14 182 1
22 182 1
24 182 1
26 182 1
30 182 1
37 182 1
40 182 1
42 182 1
43 182 1
49 182 1
52 182 1
56 182 1
58 182 1
62 182 1
65 182 1
66 182 1
75 182 1
77 182 1
78 182 1
79 182 1
81 182 1
85 182 1
88 182 1
89 182 1
91 182 1
92 182 1
100 182 1
105 182 1
106 182 1
107 182 1
108 182 1
109 182 1
110 182 1
115 182 1
116 182 1
117 182 1
119 182 1
124 182 1
125 182 1
129 182 1
131 182 1
132 182 1
134 182 1
136 182 1
137 182 1
155 182 1
158 182 1
159 182 1
160 182 1
164 182 1
166 182 1
176 182 1
178 182 1
181 182 1
8 183 1
9 183 1
15 183 1
17 183 1
22 183 1
33 183 1
34 183 1
37 183 1
48 183 1
51 183 1
54 183 1
56 183 1
59 183 1
66 183 1
68 183 1
71 183 1
75 183 1
78 183 1
81 183 1
85 183 1
90 183 1
91 183 1
96 183 1
102 183 1
107 183 1
110 183 1
115 183 1
116 183 1
117 183 1
121 183 1
124 183 1
127 183 1
129 183 1
132 183 1
148 183 1
159 183 1
162 183 1
165 183 1
167 183 1
171 183 1
172 183 1
5 184 1
6 184 1
11 184 1
21 184 1
23 184 1
24 184 1
33 184 1
35 184 1
36 184 1
38 184 1
39 184 1
40 184 1
42 184 1
43 184 1
44 184 1
47 184 1
49 184 1
51 184 1
52 184 1
55 184 1
65 184 1
69 184 1
73 184 1
78 184 1
84 184 1
87 184 1
97 184 1
100 184 1
105 184 1
110 184 1
115 184 1
116 184 1
124 184 1
129 184 1
131 184 1
136 184 1
140 184 1
142 184 1
145 184 1
148 184 1
152 184 1
155 184 1
156 184 1
157 184 1
159 184 1
160 184 1
162 184 1
163 184 1
167 184 1
170 184 1
175 184 1
183 184 1
5 185 1
10 185 1
27 185 1
30 185 1
34 185 1
46 185 1
50 185 1
54 185 1
57 185 1
72 185 1
73 185 1
75 185 1
76 185 1
78 185 1
79 185 1
87 185 1
90 185 1
91 185 1
96 185 1
98 185 1
99 185 1
100 185 1
103 185 1
104 185 1
106 185 1
109 185 1
110 185 1
116 185 1
118 185 1
123 185 1
128 185 1
132 185 1
133 185 1
134 185 1
141 185 1
144 185 1
151 185 1
152 185 1
153 185 1
154 185 1
158 185 1
165 185 1
178 185 1
179 185 1
183 185 1
1 186 1
2 186 1
4 186 1
6 186 1
8 186 1
11 186 1
14 186 1
16 186 1
17 186 1
25 186 1
28 186 1
29 186 1
31 186 1
49 186 1
56 186 1
58 186 1
60 186 1
63 186 1
65 186 1
66 186 1
67 186 1
68 186 1
71 186 1
72 186 1
73 186 1
75 186 1
77 186 1
79 186 1
82 186 1
85 186 1
89 186 1
101 186 1
102 186 1
105 186 1
106 186 1
107 186 1
108 186 1
111 186 1
114 186 1
115 186 1
122 186 1
123 186 1
125 186 1
128 186 1
131 186 1
134 186 1
135 186 1
136 186 1
143 186 1
147 186 1
152 186 1
156 186 1
157 186 1
158 186 1
161 186 1
163 186 1
165 186 1
166 186 1
167 186 1
169 186 1
172 186 1
175 186 1
176 186 1
180 186 1
2 187 1
8 187 1
11 187 1
13 187 1
15 187 1
17 187 1
24 187 1
25 187 1
29 187 1
32 187 1
37 187 1
39 187 1
40 187 1
47 187 1
59 187 1
62 187 1
67 187 1
71 187 1
72 187 1
77 187 1
80 187 1
93 187 1
100 187 1
109 187 1
120 187 1
128 187 1
129 187 1
134 187 1
135 187 1
137 187 1
142 187 1
147 187 1
150 187 1
153 187 1
154 187 1
158 187 1
166 187 1
169 187 1
171 187 1
173 187 1
176 187 1
182 187 1
185 187 1
3 188 1
6 188 1
7 188 1
10 188 1
12 188 1
13 188 1
14 188 1
21 188 1
22 188 1
23 188 1
30 188 1
32 188 1
35 188 1
39 188 1
41 188 1
42 188 1
43 188 1
44 188 1
45 188 1
46 188 1
47 188 1
48 188 1
55 188 1
58 188 1
67 188 1
68 188 1
72 188 1
76 188 1
81 188 1
83 188 1
84 188 1
87 188 1
91 188 1
92 188 1
93 188 1
99 188 1
102 188 1
106 188 1
113 188 1
114 188 1
119 188 1
125 188 1
127 188 1
129 188 1
135 188 1
142 188 1
161 188 1
162 188 1
169 188 1
179 188 1
185 188 1
187 188 1
5 189 1
7 189 1
17 189 1
20 189 1
21 189 1
29 189 1
35 189 1
36 189 1
38 189 1
47 189 1
49 189 1
53 189 1
62 189 1
68 189 1
75 189 1
76 189 1
77 189 1
79 189 1
81 189 1
84 189 1
85 189 1
87 189 1
91 189 1
93 189 1
94 189 1
105 189 1
108 189 1
110 189 1
111 189 1
114 189 1
115 189 1
125 189 1
129 189 1
132 189 1
134 189 1
139 189 1
142 189 1
143 189 1
145 189 1
153 189 1
160 189 1
161 189 1
163 189 1
170 189 1
173 189 1
178 189 1
179 189 1
187 189 1
188 189 1
3 190 1
4 190 1
10 190 1
15 190 1
17 190 1
18 190 1
21 190 1
27 190 1
28 190 1
30 190 1
36 190 1
37 190 1
38 190 1
40 190 1
43 190 1
47 190 1
51 190 1
52 190 1
55 190 1
56 190 1
65 190 1
73 190 1
80 190 1
86 190 1
103 190 1
106 190 1
109 190 1
110 190 1
112 190 1
117 190 1
118 190 1
124 190 1
125 190 1
129 190 1
132 190 1
134 190 1
136 190 1
138 190 1
142 190 1
155 190 1
156 190 1
158 190 1
160 190 1
164 190 1
169 190 1
171 190 1
185 190 1
188 190 1
189 190 1
1 191 1
8 191 1
10 191 1
15 191 1
16 191 1
20 191 1
25 191 1
26 191 1
28 191 1
30 191 1
31 191 1
33 191 1
45 191 1
50 191 1
53 191 1
60 191 1
68 191 1
72 191 1
79 191 1
84 191 1
85 191 1
88 191 1
90 191 1
91 191 1
93 191 1
99 191 1
105 191 1
107 191 1
109 191 1
110 191 1
112 191 1
113 191 1
114 191 1
116 191 1
120 191 1
122 191 1
125 191 1
126 191 1
128 191 1
130 191 1
131 191 1
132 191 1
134 191 1
138 191 1
143 191 1
144 191 1
148 191 1
153 191 1
164 191 1
167 191 1
171 191 1
172 191 1
173 191 1
178 191 1
181 191 1
189 191 1
2 192 1
9 192 1
10 192 1
13 192 1
22 192 1
27 192 1
28 192 1
29 192 1
37 192 1
43 192 1
46 192 1
53 192 1
57 192 1
59 192 1
68 192 1
74 192 1
75 192 1
77 192 1
78 192 1
83 192 1
89 192 1
90 192 1
97 192 1
103 192 1
108 192 1
111 192 1
114 192 1
120 192 1
125 192 1
129 192 1
130 192 1
131 192 1
152 192 1
153 192 1
154 192 1
163 192 1
166 192 1
167 192 1
169 192 1
171 192 1
172 192 1
180 192 1
183 192 1
187 192 1
191 192 1
5 193 1
6 193 1
7 193 1
8 193 1
15 193 1
17 193 1
19 193 1
24 193 1
25 193 1
34 193 1
39 193 1
45 193 1
55 193 1
56 193 1
65 193 1
66 193 1
69 193 1
72 193 1
83 193 1
87 193 1
89 193 1
91 193 1
94 193 1
99 193 1
110 193 1
118 193 1
119 193 1
124 193 1
133 193 1
135 193 1
136 193 1
143 193 1
148 193 1
165 193 1
168 193 1
171 193 1
173 193 1
175 193 1
187 193 1
3 194 1
9 194 1
10 194 1
14 194 1
17 194 1
22 194 1
23 194 1
29 194 1
36 194 1
37 194 1
45 194 1
52 194 1
62 194 1
68 194 1
73 194 1
78 194 1
80 194 1
85 194 1
97 194 1
101 194 1
102 194 1
105 194 1
110 194 1
113 194 1
114 194 1
117 194 1
120 194 1
125 194 1
126 194 1
127 194 1
129 194 1
132 194 1
134 194 1
143 194 1
155 194 1
158 194 1
159 194 1
161 194 1
180 194 1
189 194 1
9 195 1
11 195 1
12 195 1
14 195 1
17 195 1
20 195 1
22 195 1
24 195 1
32 195 1
40 195 1
48 195 1
59 195 1
68 195 1
74 195 1
80 195 1
95 195 1
102 195 1
117 195 1
123 195 1
133 195 1
135 195 1
136 195 1
139 195 1
140 195 1
146 195 1
151 195 1
152 195 1
156 195 1
161 195 1
166 195 1
168 195 1
170 195 1
173 195 1
174 195 1
175 195 1
181 195 1
191 195 1
6 196 1
7 196 1
8 196 1
10 196 1
12 196 1
14 196 1
24 196 1
32 196 1
34 196 1
46 196 1
48 196 1
49 196 1
51 196 1
58 196 1
68 196 1
71 196 1
82 196 1
86 196 1
87 196 1
88 196 1
91 196 1
94 196 1
98 196 1
99 196 1
101 196 1
103 196 1
104 196 1
111 196 1
113 196 1
115 196 1
117 196 1
118 196 1
119 196 1
120 196 1
126 196 1
127 196 1
133 196 1
136 196 1
137 196 1
141 196 1
142 196 1
144 196 1
147 196 1
149 196 1
151 196 1
152 196 1
153 196 1
154 196 1
155 196 1
156 196 1
157 196 1
158 196 1
160 196 1
161 196 1
164 196 1
168 196 1
169 196 1
177 196 1
180 196 1
181 196 1
184 196 1
189 196 1
194 196 1
195 196 1
5 197 1
8 197 1
13 197 1
15 197 1
17 197 1
22 197 1
25 197 1
29 197 1
31 197 1
32 197 1
41 197 1
43 197 1
53 197 1
54 197 1
58 197 1
64 197 1
67 197 1
69 197 1
74 197 1
75 197 1
76 197 1
84 197 1
85 197 1
88 197 1
102 197 1
105 197 1
107 197 1
110 197 1
112 197 1
115 197 1
118 197 1
119 197 1
132 197 1
136 197 1
145 197 1
146 197 1
148 197 1
163 197 1
165 197 1
168 197 1
176 197 1
180 197 1
181 197 1
184 197 1
195 197 1
196 197 1
2 198 1
6 198 1
9 198 1
10 198 1
14 198 1
17 198 1
18 198 1
19 198 1
22 198 1
24 198 1
28 198 1
30 198 1
31 198 1
41 198 1
42 198 1
46 198 1
48 198 1
56 198 1
57 198 1
58 198 1
61 198 1
67 198 1
69 198 1
70 198 1
77 198 1
80 198 1
81 198 1
85 198 1
90 198 1
99 198 1
101 198 1
102 198 1
105 198 1
110 198 1
118 198 1
120 198 1
126 198 1
135 198 1
137 198 1
141 198 1
142 198 1
143 198 1
150 198 1
156 198 1
159 198 1
160 198 1
161 198 1
164 198 1
166 198 1
169 198 1
181 198 1
187 198 1
190 198 1
191 198 1
2 199 1
6 199 1
11 199 1
17 199 1
21 199 1
22 199 1
31 199 1
32 199 1
34 199 1
37 199 1
40 199 1
41 199 1
43 199 1
44 199 1
52 199 1
55 199 1
56 199 1
58 199 1
60 199 1
62 199 1
63 199 1
68 199 1
78 199 1
84 199 1
85 199 1
87 199 1
96 199 1
101 199 1
103 199 1
109 199 1
110 199 1
118 199 1
125 199 1
126 199 1
128 199 1
130 199 1
133 199 1
135 199 1
137 199 1
141 199 1
142 199 1
144 199 1
146 199 1
159 199 1
163 199 1
164 199 1
166 199 1
167 199 1
171 199 1
175 199 1
178 199 1
179 199 1
181 199 1
184 199 1
185 199 1
187 199 1
190 199 1
1 200 1
3 200 1
10 200 1
12 200 1
20 200 1
25 200 1
41 200 1
44 200 1
47 200 1
49 200 1
50 200 1
56 200 1
58 200 1
63 200 1
73 200 1
74 200 1
78 200 1
81 200 1
89 200 1
94 200 1
99 200 1
100 200 1
101 200 1
104 200 1
109 200 1
114 200 1
117 200 1
124 200 1
129 200 1
130 200 1
132 200 1
137 200 1
138 200 1
140 200 1
143 200 1
145 200 1
148 200 1
150 200 1
152 200 1
160 200 1
165 200 1
166 200 1
172 200 1
179 200 1
191 200 1
192 200 1
193 200 1
195 200 1
198 200 1
