200 5020 
2 4 1
1 6 1
2 7 1
4 7 1
5 7 1
4 8 1
6 10 1
7 10 1
9 10 1
9 11 1
2 13 1
3 13 1
8 13 1
10 13 1
1 14 1
4 14 1
8 14 1
13 14 1
4 15 1
5 15 1
6 15 1
9 15 1
10 15 1
11 15 1
14 15 1
2 16 1
14 16 1
2 17 1
7 17 1
8 17 1
9 17 1
13 17 1
1 18 1
9 18 1
15 18 1
1 19 1
12 19 1
18 19 1
2 20 1
3 20 1
4 20 1
11 20 1
12 20 1
16 20 1
19 20 1
7 21 1
9 21 1
20 21 1
2 22 1
4 22 1
9 22 1
10 22 1
11 22 1
13 22 1
15 22 1
17 22 1
3 23 1
7 23 1
8 23 1
20 23 1
7 24 1
10 24 1
11 24 1
12 24 1
22 24 1
23 24 1
1 25 1
17 25 1
18 25 1
20 25 1
2 26 1
13 26 1
19 26 1
21 26 1
3 27 1
4 27 1
7 27 1
9 27 1
16 27 1
23 27 1
25 27 1
6 28 1
7 28 1
11 28 1
17 28 1
24 28 1
26 28 1
2 29 1
13 29 1
23 29 1
26 29 1
1 30 1
4 30 1
8 30 1
10 30 1
12 30 1
13 30 1
14 30 1
15 30 1
1 31 1
2 31 1
9 31 1
13 31 1
17 31 1
29 31 1
6 32 1
9 32 1
10 32 1
13 32 1
16 32 1
20 32 1
25 32 1
27 32 1
30 32 1
31 32 1
14 33 1
16 33 1
17 33 1
23 33 1
24 33 1
27 33 1
1 34 1
6 34 1
8 34 1
19 34 1
27 34 1
10 35 1
13 35 1
14 35 1
17 35 1
18 35 1
21 35 1
22 35 1
27 35 1
33 35 1
1 36 1
16 36 1
23 36 1
24 36 1
29 36 1
32 36 1
34 36 1
1 37 1
6 37 1
12 37 1
14 37 1
17 37 1
18 37 1
21 37 1
24 37 1
27 37 1
29 37 1
30 37 1
7 38 1
23 38 1
25 38 1
26 38 1
27 38 1
6 39 1
26 39 1
27 39 1
32 39 1
33 39 1
37 39 1
1 40 1
7 40 1
8 40 1
14 40 1
19 40 1
22 40 1
28 40 1
32 40 1
35 40 1
37 40 1
39 40 1
3 41 1
5 41 1
6 41 1
7 41 1
19 41 1
20 41 1
21 41 1
29 41 1
32 41 1
36 41 1
4 42 1
13 42 1
16 42 1
17 42 1
19 42 1
23 42 1
27 42 1
31 42 1
37 42 1
38 42 1
1 43 1
2 43 1
9 43 1
10 43 1
16 43 1
20 43 1
21 43 1
24 43 1
25 43 1
33 43 1
36 43 1
39 43 1
40 43 1
5 44 1
7 44 1
10 44 1
21 44 1
22 44 1
26 44 1
30 44 1
31 44 1
32 44 1
38 44 1
40 44 1
41 44 1
1 45 1
4 45 1
5 45 1
9 45 1
13 45 1
25 45 1
1 46 1
6 46 1
9 46 1
11 46 1
12 46 1
17 46 1
20 46 1
28 46 1
31 46 1
32 46 1
35 46 1
36 46 1
38 46 1
2 47 1
5 47 1
6 47 1
11 47 1
12 47 1
13 47 1
14 47 1
17 47 1
18 47 1
20 47 1
23 47 1
24 47 1
25 47 1
29 47 1
33 47 1
37 47 1
41 47 1
42 47 1
11 48 1
22 48 1
28 48 1
29 48 1
33 48 1
40 48 1
41 48 1
45 48 1
4 49 1
8 49 1
10 49 1
11 49 1
18 49 1
21 49 1
26 49 1
32 49 1
35 49 1
37 49 1
41 49 1
43 49 1
44 49 1
46 49 1
3 50 1
5 50 1
6 50 1
10 50 1
13 50 1
16 50 1
18 50 1
24 50 1
25 50 1
29 50 1
34 50 1
37 50 1
39 50 1
2 51 1
3 51 1
7 51 1
8 51 1
14 51 1
20 51 1
26 51 1
27 51 1
28 51 1
30 51 1
31 51 1
40 51 1
42 51 1
47 51 1
2 52 1
4 52 1
5 52 1
7 52 1
11 52 1
14 52 1
18 52 1
19 52 1
20 52 1
21 52 1
28 52 1
29 52 1
37 52 1
44 52 1
47 52 1
48 52 1
1 53 1
5 53 1
9 53 1
12 53 1
21 53 1
31 53 1
35 53 1
36 53 1
40 53 1
41 53 1
48 53 1
52 53 1
4 54 1
7 54 1
8 54 1
12 54 1
15 54 1
19 54 1
23 54 1
28 54 1
39 54 1
41 54 1
44 54 1
47 54 1
51 54 1
52 54 1
53 54 1
11 55 1
12 55 1
13 55 1
15 55 1
18 55 1
20 55 1
25 55 1
29 55 1
35 55 1
38 55 1
39 55 1
42 55 1
44 55 1
53 55 1
1 56 1
8 56 1
16 56 1
34 56 1
38 56 1
41 56 1
46 56 1
53 56 1
6 57 1
14 57 1
15 57 1
19 57 1
26 57 1
28 57 1
29 57 1
32 57 1
34 57 1
35 57 1
38 57 1
46 57 1
2 58 1
7 58 1
10 58 1
12 58 1
14 58 1
20 58 1
23 58 1
25 58 1
26 58 1
27 58 1
34 58 1
37 58 1
45 58 1
51 58 1
2 59 1
8 59 1
10 59 1
20 59 1
30 59 1
32 59 1
33 59 1
37 59 1
40 59 1
41 59 1
46 59 1
49 59 1
50 59 1
56 59 1
2 60 1
12 60 1
15 60 1
22 60 1
28 60 1
29 60 1
32 60 1
35 60 1
46 60 1
58 60 1
59 60 1
2 61 1
3 61 1
14 61 1
16 61 1
17 61 1
20 61 1
21 61 1
26 61 1
27 61 1
30 61 1
31 61 1
38 61 1
46 61 1
57 61 1
9 62 1
16 62 1
17 62 1
22 62 1
23 62 1
27 62 1
36 62 1
39 62 1
41 62 1
42 62 1
49 62 1
60 62 1
61 62 1
1 63 1
5 63 1
6 63 1
9 63 1
12 63 1
15 63 1
22 63 1
23 63 1
30 63 1
31 63 1
33 63 1
39 63 1
54 63 1
61 63 1
11 64 1
12 64 1
13 64 1
14 64 1
19 64 1
20 64 1
21 64 1
23 64 1
24 64 1
29 64 1
33 64 1
37 64 1
43 64 1
44 64 1
47 64 1
48 64 1
49 64 1
56 64 1
59 64 1
7 65 1
11 65 1
17 65 1
20 65 1
22 65 1
23 65 1
25 65 1
31 65 1
61 65 1
4 66 1
19 66 1
26 66 1
31 66 1
32 66 1
37 66 1
39 66 1
50 66 1
52 66 1
55 66 1
61 66 1
63 66 1
1 67 1
2 67 1
5 67 1
6 67 1
8 67 1
15 67 1
17 67 1
21 67 1
27 67 1
40 67 1
43 67 1
44 67 1
45 67 1
46 67 1
49 67 1
50 67 1
52 67 1
56 67 1
61 67 1
3 68 1
10 68 1
13 68 1
17 68 1
19 68 1
29 68 1
32 68 1
44 68 1
45 68 1
53 68 1
57 68 1
60 68 1
61 68 1
62 68 1
64 68 1
65 68 1
67 68 1
10 69 1
15 69 1
17 69 1
18 69 1
23 69 1
28 69 1
29 69 1
34 69 1
36 69 1
38 69 1
44 69 1
47 69 1
51 69 1
55 69 1
56 69 1
58 69 1
62 69 1
63 69 1
64 69 1
3 70 1
7 70 1
13 70 1
16 70 1
21 70 1
23 70 1
27 70 1
31 70 1
36 70 1
46 70 1
48 70 1
52 70 1
53 70 1
55 70 1
56 70 1
57 70 1
60 70 1
63 70 1
65 70 1
66 70 1
67 70 1
3 71 1
7 71 1
13 71 1
18 71 1
19 71 1
23 71 1
32 71 1
34 71 1
35 71 1
39 71 1
40 71 1
41 71 1
44 71 1
48 71 1
50 71 1
54 71 1
56 71 1
57 71 1
59 71 1
60 71 1
67 71 1
4 72 1
5 72 1
9 72 1
10 72 1
12 72 1
14 72 1
15 72 1
26 72 1
30 72 1
31 72 1
32 72 1
33 72 1
35 72 1
37 72 1
41 72 1
43 72 1
46 72 1
47 72 1
51 72 1
53 72 1
55 72 1
59 72 1
61 72 1
69 72 1
8 73 1
26 73 1
30 73 1
33 73 1
34 73 1
36 73 1
44 73 1
45 73 1
46 73 1
48 73 1
51 73 1
52 73 1
53 73 1
54 73 1
65 73 1
67 73 1
72 73 1
2 74 1
4 74 1
6 74 1
9 74 1
11 74 1
15 74 1
18 74 1
21 74 1
28 74 1
29 74 1
33 74 1
39 74 1
43 74 1
46 74 1
51 74 1
52 74 1
53 74 1
55 74 1
56 74 1
58 74 1
61 74 1
68 74 1
2 75 1
7 75 1
11 75 1
16 75 1
17 75 1
21 75 1
23 75 1
25 75 1
26 75 1
28 75 1
34 75 1
40 75 1
42 75 1
44 75 1
46 75 1
51 75 1
54 75 1
57 75 1
58 75 1
71 75 1
73 75 1
2 76 1
3 76 1
4 76 1
7 76 1
16 76 1
31 76 1
32 76 1
38 76 1
41 76 1
42 76 1
45 76 1
50 76 1
52 76 1
54 76 1
63 76 1
74 76 1
75 76 1
4 77 1
6 77 1
10 77 1
19 77 1
21 77 1
28 77 1
39 77 1
46 77 1
48 77 1
52 77 1
56 77 1
62 77 1
70 77 1
74 77 1
75 77 1
76 77 1
2 78 1
9 78 1
14 78 1
15 78 1
18 78 1
24 78 1
28 78 1
29 78 1
35 78 1
40 78 1
42 78 1
46 78 1
47 78 1
50 78 1
52 78 1
61 78 1
62 78 1
64 78 1
66 78 1
71 78 1
7 79 1
14 79 1
18 79 1
19 79 1
24 79 1
25 79 1
30 79 1
31 79 1
37 79 1
41 79 1
44 79 1
49 79 1
55 79 1
56 79 1
76 79 1
77 79 1
1 80 1
10 80 1
22 80 1
26 80 1
36 80 1
42 80 1
52 80 1
58 80 1
64 80 1
70 80 1
1 81 1
2 81 1
6 81 1
7 81 1
8 81 1
10 81 1
13 81 1
16 81 1
19 81 1
39 81 1
40 81 1
42 81 1
43 81 1
52 81 1
53 81 1
59 81 1
61 81 1
67 81 1
73 81 1
2 82 1
8 82 1
12 82 1
19 82 1
20 82 1
23 82 1
25 82 1
30 82 1
31 82 1
39 82 1
46 82 1
47 82 1
52 82 1
55 82 1
58 82 1
59 82 1
61 82 1
62 82 1
63 82 1
66 82 1
67 82 1
69 82 1
79 82 1
80 82 1
3 83 1
10 83 1
12 83 1
13 83 1
14 83 1
15 83 1
16 83 1
23 83 1
25 83 1
32 83 1
33 83 1
41 83 1
44 83 1
45 83 1
49 83 1
52 83 1
54 83 1
56 83 1
59 83 1
62 83 1
63 83 1
65 83 1
67 83 1
70 83 1
71 83 1
73 83 1
11 84 1
12 84 1
18 84 1
33 84 1
36 84 1
40 84 1
41 84 1
44 84 1
46 84 1
48 84 1
51 84 1
62 84 1
64 84 1
65 84 1
66 84 1
75 84 1
78 84 1
80 84 1
82 84 1
1 85 1
8 85 1
11 85 1
22 85 1
25 85 1
26 85 1
30 85 1
31 85 1
34 85 1
38 85 1
46 85 1
48 85 1
50 85 1
52 85 1
53 85 1
55 85 1
65 85 1
66 85 1
67 85 1
79 85 1
4 86 1
7 86 1
9 86 1
10 86 1
13 86 1
16 86 1
18 86 1
21 86 1
26 86 1
29 86 1
34 86 1
37 86 1
41 86 1
42 86 1
43 86 1
46 86 1
48 86 1
54 86 1
55 86 1
57 86 1
59 86 1
70 86 1
72 86 1
73 86 1
74 86 1
77 86 1
10 87 1
11 87 1
21 87 1
24 87 1
25 87 1
29 87 1
34 87 1
41 87 1
46 87 1
47 87 1
49 87 1
58 87 1
60 87 1
62 87 1
64 87 1
66 87 1
68 87 1
74 87 1
76 87 1
82 87 1
83 87 1
84 87 1
2 88 1
4 88 1
7 88 1
9 88 1
14 88 1
16 88 1
18 88 1
21 88 1
32 88 1
42 88 1
43 88 1
46 88 1
47 88 1
51 88 1
63 88 1
64 88 1
68 88 1
73 88 1
77 88 1
78 88 1
79 88 1
83 88 1
87 88 1
12 89 1
18 89 1
20 89 1
21 89 1
24 89 1
27 89 1
29 89 1
34 89 1
45 89 1
51 89 1
54 89 1
61 89 1
70 89 1
71 89 1
74 89 1
75 89 1
77 89 1
85 89 1
1 90 1
2 90 1
5 90 1
7 90 1
8 90 1
20 90 1
25 90 1
26 90 1
27 90 1
33 90 1
37 90 1
39 90 1
44 90 1
48 90 1
53 90 1
56 90 1
59 90 1
60 90 1
65 90 1
72 90 1
78 90 1
80 90 1
88 90 1
2 91 1
6 91 1
13 91 1
28 91 1
30 91 1
37 91 1
41 91 1
42 91 1
45 91 1
48 91 1
49 91 1
50 91 1
52 91 1
57 91 1
59 91 1
63 91 1
65 91 1
70 91 1
76 91 1
78 91 1
80 91 1
82 91 1
84 91 1
90 91 1
3 92 1
12 92 1
13 92 1
18 92 1
22 92 1
23 92 1
24 92 1
25 92 1
26 92 1
34 92 1
42 92 1
53 92 1
69 92 1
71 92 1
72 92 1
88 92 1
89 92 1
1 93 1
2 93 1
4 93 1
16 93 1
22 93 1
26 93 1
29 93 1
35 93 1
43 93 1
47 93 1
64 93 1
67 93 1
72 93 1
73 93 1
74 93 1
76 93 1
81 93 1
84 93 1
87 93 1
88 93 1
90 93 1
3 94 1
5 94 1
9 94 1
13 94 1
16 94 1
20 94 1
24 94 1
27 94 1
35 94 1
37 94 1
42 94 1
48 94 1
50 94 1
51 94 1
55 94 1
56 94 1
59 94 1
62 94 1
63 94 1
64 94 1
66 94 1
70 94 1
82 94 1
86 94 1
10 95 1
12 95 1
15 95 1
22 95 1
26 95 1
27 95 1
34 95 1
41 95 1
43 95 1
47 95 1
50 95 1
51 95 1
52 95 1
55 95 1
56 95 1
57 95 1
59 95 1
62 95 1
63 95 1
74 95 1
76 95 1
79 95 1
87 95 1
89 95 1
1 96 1
2 96 1
4 96 1
9 96 1
17 96 1
20 96 1
21 96 1
22 96 1
33 96 1
34 96 1
38 96 1
42 96 1
43 96 1
46 96 1
49 96 1
51 96 1
52 96 1
53 96 1
61 96 1
67 96 1
69 96 1
71 96 1
74 96 1
77 96 1
80 96 1
83 96 1
90 96 1
94 96 1
4 97 1
5 97 1
17 97 1
22 97 1
24 97 1
27 97 1
31 97 1
33 97 1
34 97 1
38 97 1
45 97 1
46 97 1
53 97 1
55 97 1
59 97 1
62 97 1
68 97 1
69 97 1
71 97 1
76 97 1
78 97 1
79 97 1
83 97 1
88 97 1
89 97 1
93 97 1
96 97 1
1 98 1
2 98 1
6 98 1
12 98 1
16 98 1
20 98 1
22 98 1
23 98 1
24 98 1
29 98 1
31 98 1
34 98 1
42 98 1
45 98 1
47 98 1
51 98 1
52 98 1
61 98 1
65 98 1
68 98 1
70 98 1
77 98 1
78 98 1
79 98 1
91 98 1
92 98 1
95 98 1
96 98 1
2 99 1
4 99 1
10 99 1
12 99 1
20 99 1
24 99 1
32 99 1
33 99 1
34 99 1
39 99 1
48 99 1
51 99 1
58 99 1
61 99 1
71 99 1
82 99 1
83 99 1
85 99 1
89 99 1
1 100 1
3 100 1
13 100 1
25 100 1
27 100 1
29 100 1
30 100 1
35 100 1
45 100 1
53 100 1
58 100 1
60 100 1
64 100 1
72 100 1
76 100 1
77 100 1
78 100 1
79 100 1
85 100 1
93 100 1
2 101 1
4 101 1
8 101 1
9 101 1
12 101 1
16 101 1
19 101 1
20 101 1
24 101 1
26 101 1
30 101 1
36 101 1
40 101 1
43 101 1
49 101 1
52 101 1
55 101 1
58 101 1
65 101 1
70 101 1
72 101 1
73 101 1
79 101 1
87 101 1
91 101 1
96 101 1
100 101 1
1 102 1
2 102 1
3 102 1
4 102 1
5 102 1
9 102 1
12 102 1
26 102 1
28 102 1
29 102 1
38 102 1
41 102 1
44 102 1
45 102 1
47 102 1
50 102 1
52 102 1
53 102 1
65 102 1
68 102 1
69 102 1
71 102 1
73 102 1
74 102 1
76 102 1
79 102 1
82 102 1
84 102 1
95 102 1
100 102 1
1 103 1
2 103 1
8 103 1
14 103 1
16 103 1
20 103 1
25 103 1
36 103 1
41 103 1
45 103 1
51 103 1
56 103 1
63 103 1
68 103 1
71 103 1
78 103 1
92 103 1
95 103 1
99 103 1
102 103 1
3 104 1
5 104 1
7 104 1
10 104 1
11 104 1
12 104 1
13 104 1
17 104 1
23 104 1
31 104 1
33 104 1
38 104 1
39 104 1
45 104 1
48 104 1
54 104 1
56 104 1
59 104 1
60 104 1
63 104 1
81 104 1
82 104 1
87 104 1
89 104 1
92 104 1
93 104 1
97 104 1
99 104 1
6 105 1
7 105 1
9 105 1
10 105 1
26 105 1
30 105 1
36 105 1
39 105 1
42 105 1
45 105 1
47 105 1
49 105 1
54 105 1
55 105 1
57 105 1
60 105 1
64 105 1
73 105 1
75 105 1
80 105 1
81 105 1
83 105 1
87 105 1
90 105 1
91 105 1
92 105 1
93 105 1
94 105 1
99 105 1
100 105 1
102 105 1
1 106 1
4 106 1
7 106 1
10 106 1
11 106 1
13 106 1
15 106 1
17 106 1
20 106 1
21 106 1
22 106 1
23 106 1
24 106 1
37 106 1
44 106 1
45 106 1
48 106 1
49 106 1
52 106 1
59 106 1
67 106 1
68 106 1
73 106 1
75 106 1
76 106 1
78 106 1
81 106 1
82 106 1
83 106 1
85 106 1
87 106 1
96 106 1
97 106 1
105 106 1
3 107 1
5 107 1
8 107 1
10 107 1
12 107 1
20 107 1
23 107 1
27 107 1
37 107 1
38 107 1
40 107 1
41 107 1
43 107 1
44 107 1
48 107 1
49 107 1
63 107 1
66 107 1
67 107 1
68 107 1
74 107 1
79 107 1
83 107 1
84 107 1
87 107 1
93 107 1
97 107 1
100 107 1
101 107 1
104 107 1
106 107 1
4 108 1
6 108 1
8 108 1
14 108 1
15 108 1
17 108 1
20 108 1
21 108 1
22 108 1
42 108 1
44 108 1
51 108 1
52 108 1
53 108 1
57 108 1
65 108 1
68 108 1
69 108 1
70 108 1
71 108 1
82 108 1
85 108 1
92 108 1
98 108 1
102 108 1
103 108 1
1 109 1
5 109 1
7 109 1
8 109 1
13 109 1
22 109 1
24 109 1
28 109 1
29 109 1
36 109 1
37 109 1
45 109 1
47 109 1
56 109 1
59 109 1
60 109 1
62 109 1
64 109 1
65 109 1
66 109 1
70 109 1
76 109 1
78 109 1
82 109 1
83 109 1
86 109 1
94 109 1
96 109 1
97 109 1
108 109 1
5 110 1
6 110 1
7 110 1
8 110 1
10 110 1
16 110 1
20 110 1
21 110 1
25 110 1
27 110 1
32 110 1
38 110 1
39 110 1
51 110 1
56 110 1
57 110 1
64 110 1
68 110 1
77 110 1
80 110 1
81 110 1
84 110 1
93 110 1
94 110 1
95 110 1
100 110 1
101 110 1
102 110 1
106 110 1
2 111 1
3 111 1
7 111 1
11 111 1
12 111 1
14 111 1
15 111 1
18 111 1
24 111 1
42 111 1
47 111 1
48 111 1
50 111 1
55 111 1
57 111 1
64 111 1
65 111 1
71 111 1
73 111 1
79 111 1
85 111 1
87 111 1
96 111 1
102 111 1
104 111 1
105 111 1
1 112 1
5 112 1
6 112 1
7 112 1
22 112 1
25 112 1
26 112 1
29 112 1
30 112 1
35 112 1
37 112 1
41 112 1
50 112 1
51 112 1
61 112 1
71 112 1
73 112 1
78 112 1
83 112 1
87 112 1
88 112 1
89 112 1
90 112 1
93 112 1
94 112 1
108 112 1
109 112 1
111 112 1
4 113 1
8 113 1
9 113 1
12 113 1
15 113 1
18 113 1
20 113 1
23 113 1
30 113 1
34 113 1
36 113 1
40 113 1
41 113 1
43 113 1
45 113 1
53 113 1
55 113 1
57 113 1
58 113 1
60 113 1
63 113 1
64 113 1
65 113 1
67 113 1
69 113 1
72 113 1
75 113 1
83 113 1
84 113 1
85 113 1
93 113 1
96 113 1
98 113 1
105 113 1
106 113 1
109 113 1
2 114 1
3 114 1
10 114 1
11 114 1
12 114 1
16 114 1
17 114 1
28 114 1
30 114 1
32 114 1
35 114 1
43 114 1
46 114 1
54 114 1
57 114 1
59 114 1
61 114 1
62 114 1
70 114 1
73 114 1
77 114 1
78 114 1
79 114 1
82 114 1
83 114 1
84 114 1
86 114 1
88 114 1
89 114 1
92 114 1
93 114 1
94 114 1
95 114 1
97 114 1
98 114 1
106 114 1
111 114 1
113 114 1
2 115 1
3 115 1
5 115 1
8 115 1
24 115 1
26 115 1
33 115 1
34 115 1
35 115 1
41 115 1
47 115 1
68 115 1
69 115 1
80 115 1
89 115 1
93 115 1
100 115 1
103 115 1
104 115 1
108 115 1
109 115 1
112 115 1
113 115 1
7 116 1
8 116 1
14 116 1
19 116 1
23 116 1
28 116 1
30 116 1
34 116 1
52 116 1
53 116 1
64 116 1
72 116 1
75 116 1
80 116 1
88 116 1
91 116 1
94 116 1
97 116 1
101 116 1
115 116 1
1 117 1
5 117 1
18 117 1
19 117 1
22 117 1
28 117 1
36 117 1
37 117 1
38 117 1
41 117 1
59 117 1
62 117 1
64 117 1
68 117 1
69 117 1
71 117 1
72 117 1
73 117 1
78 117 1
79 117 1
81 117 1
87 117 1
88 117 1
91 117 1
93 117 1
94 117 1
97 117 1
99 117 1
102 117 1
103 117 1
106 117 1
108 117 1
110 117 1
111 117 1
2 118 1
5 118 1
8 118 1
15 118 1
19 118 1
23 118 1
30 118 1
35 118 1
40 118 1
47 118 1
49 118 1
52 118 1
54 118 1
57 118 1
61 118 1
63 118 1
68 118 1
71 118 1
78 118 1
79 118 1
84 118 1
85 118 1
88 118 1
92 118 1
98 118 1
100 118 1
106 118 1
108 118 1
112 118 1
117 118 1
5 119 1
11 119 1
13 119 1
18 119 1
21 119 1
25 119 1
29 119 1
35 119 1
36 119 1
41 119 1
45 119 1
52 119 1
53 119 1
54 119 1
58 119 1
67 119 1
69 119 1
75 119 1
92 119 1
93 119 1
96 119 1
97 119 1
98 119 1
100 119 1
103 119 1
106 119 1
112 119 1
5 120 1
7 120 1
8 120 1
12 120 1
13 120 1
16 120 1
18 120 1
27 120 1
32 120 1
35 120 1
39 120 1
48 120 1
49 120 1
52 120 1
58 120 1
59 120 1
69 120 1
73 120 1
75 120 1
77 120 1
79 120 1
81 120 1
83 120 1
85 120 1
91 120 1
95 120 1
107 120 1
108 120 1
109 120 1
113 120 1
118 120 1
5 121 1
6 121 1
7 121 1
13 121 1
19 121 1
20 121 1
28 121 1
33 121 1
35 121 1
36 121 1
37 121 1
42 121 1
43 121 1
58 121 1
61 121 1
63 121 1
65 121 1
66 121 1
69 121 1
75 121 1
77 121 1
78 121 1
80 121 1
81 121 1
88 121 1
89 121 1
94 121 1
104 121 1
106 121 1
116 121 1
120 121 1
4 122 1
11 122 1
13 122 1
14 122 1
18 122 1
19 122 1
20 122 1
27 122 1
28 122 1
29 122 1
38 122 1
41 122 1
42 122 1
46 122 1
53 122 1
61 122 1
63 122 1
66 122 1
80 122 1
82 122 1
95 122 1
101 122 1
104 122 1
106 122 1
108 122 1
112 122 1
113 122 1
119 122 1
1 123 1
12 123 1
14 123 1
20 123 1
28 123 1
30 123 1
37 123 1
42 123 1
44 123 1
48 123 1
53 123 1
62 123 1
69 123 1
70 123 1
72 123 1
77 123 1
81 123 1
84 123 1
93 123 1
96 123 1
97 123 1
105 123 1
107 123 1
112 123 1
114 123 1
117 123 1
118 123 1
120 123 1
121 123 1
5 124 1
16 124 1
18 124 1
23 124 1
25 124 1
34 124 1
35 124 1
40 124 1
42 124 1
46 124 1
51 124 1
57 124 1
59 124 1
60 124 1
64 124 1
67 124 1
74 124 1
77 124 1
80 124 1
83 124 1
84 124 1
86 124 1
87 124 1
88 124 1
91 124 1
95 124 1
98 124 1
100 124 1
102 124 1
111 124 1
117 124 1
118 124 1
119 124 1
2 125 1
6 125 1
8 125 1
9 125 1
19 125 1
23 125 1
27 125 1
28 125 1
39 125 1
40 125 1
46 125 1
47 125 1
49 125 1
52 125 1
56 125 1
57 125 1
59 125 1
65 125 1
71 125 1
74 125 1
76 125 1
77 125 1
81 125 1
85 125 1
96 125 1
105 125 1
108 125 1
111 125 1
119 125 1
120 125 1
123 125 1
4 126 1
6 126 1
7 126 1
14 126 1
19 126 1
26 126 1
28 126 1
32 126 1
43 126 1
56 126 1
65 126 1
70 126 1
72 126 1
75 126 1
76 126 1
90 126 1
97 126 1
99 126 1
100 126 1
107 126 1
110 126 1
114 126 1
115 126 1
118 126 1
120 126 1
2 127 1
12 127 1
19 127 1
20 127 1
22 127 1
29 127 1
32 127 1
36 127 1
43 127 1
47 127 1
54 127 1
55 127 1
57 127 1
58 127 1
59 127 1
61 127 1
62 127 1
65 127 1
67 127 1
75 127 1
76 127 1
82 127 1
84 127 1
86 127 1
90 127 1
98 127 1
100 127 1
111 127 1
113 127 1
115 127 1
116 127 1
120 127 1
5 128 1
10 128 1
15 128 1
22 128 1
28 128 1
30 128 1
32 128 1
34 128 1
38 128 1
43 128 1
44 128 1
53 128 1
54 128 1
59 128 1
79 128 1
83 128 1
107 128 1
109 128 1
112 128 1
115 128 1
119 128 1
121 128 1
122 128 1
123 128 1
124 128 1
126 128 1
127 128 1
4 129 1
5 129 1
9 129 1
11 129 1
14 129 1
31 129 1
32 129 1
35 129 1
37 129 1
50 129 1
51 129 1
53 129 1
55 129 1
56 129 1
68 129 1
69 129 1
70 129 1
71 129 1
77 129 1
79 129 1
80 129 1
83 129 1
89 129 1
92 129 1
93 129 1
94 129 1
95 129 1
103 129 1
112 129 1
113 129 1
119 129 1
121 129 1
123 129 1
6 130 1
12 130 1
16 130 1
18 130 1
22 130 1
25 130 1
28 130 1
33 130 1
37 130 1
38 130 1
39 130 1
40 130 1
46 130 1
51 130 1
54 130 1
55 130 1
59 130 1
60 130 1
65 130 1
67 130 1
72 130 1
73 130 1
75 130 1
78 130 1
79 130 1
90 130 1
91 130 1
92 130 1
93 130 1
94 130 1
98 130 1
102 130 1
104 130 1
109 130 1
115 130 1
116 130 1
117 130 1
119 130 1
122 130 1
123 130 1
126 130 1
129 130 1
1 131 1
4 131 1
5 131 1
12 131 1
16 131 1
19 131 1
23 131 1
24 131 1
28 131 1
32 131 1
33 131 1
35 131 1
39 131 1
45 131 1
60 131 1
61 131 1
62 131 1
63 131 1
65 131 1
68 131 1
71 131 1
72 131 1
76 131 1
79 131 1
88 131 1
91 131 1
93 131 1
94 131 1
97 131 1
98 131 1
99 131 1
102 131 1
106 131 1
111 131 1
119 131 1
124 131 1
125 131 1
126 131 1
127 131 1
3 132 1
4 132 1
6 132 1
7 132 1
9 132 1
16 132 1
21 132 1
22 132 1
24 132 1
30 132 1
36 132 1
39 132 1
50 132 1
60 132 1
64 132 1
66 132 1
68 132 1
73 132 1
75 132 1
87 132 1
88 132 1
89 132 1
90 132 1
96 132 1
100 132 1
101 132 1
108 132 1
109 132 1
110 132 1
119 132 1
120 132 1
121 132 1
129 132 1
131 132 1
3 133 1
6 133 1
12 133 1
13 133 1
16 133 1
17 133 1
22 133 1
24 133 1
28 133 1
36 133 1
39 133 1
45 133 1
46 133 1
47 133 1
49 133 1
53 133 1
57 133 1
60 133 1
61 133 1
62 133 1
65 133 1
69 133 1
70 133 1
76 133 1
77 133 1
80 133 1
81 133 1
87 133 1
93 133 1
103 133 1
113 133 1
131 133 1
132 133 1
2 134 1
4 134 1
10 134 1
11 134 1
12 134 1
18 134 1
22 134 1
26 134 1
28 134 1
33 134 1
37 134 1
38 134 1
42 134 1
45 134 1
50 134 1
55 134 1
67 134 1
68 134 1
69 134 1
81 134 1
85 134 1
106 134 1
108 134 1
115 134 1
118 134 1
119 134 1
122 134 1
123 134 1
125 134 1
127 134 1
129 134 1
9 135 1
15 135 1
16 135 1
17 135 1
18 135 1
22 135 1
24 135 1
28 135 1
29 135 1
32 135 1
34 135 1
39 135 1
41 135 1
43 135 1
49 135 1
50 135 1
54 135 1
56 135 1
64 135 1
66 135 1
68 135 1
71 135 1
77 135 1
85 135 1
86 135 1
98 135 1
101 135 1
103 135 1
106 135 1
109 135 1
110 135 1
112 135 1
120 135 1
121 135 1
122 135 1
123 135 1
124 135 1
127 135 1
130 135 1
2 136 1
9 136 1
13 136 1
17 136 1
18 136 1
19 136 1
23 136 1
26 136 1
28 136 1
36 136 1
37 136 1
41 136 1
42 136 1
46 136 1
50 136 1
53 136 1
55 136 1
56 136 1
57 136 1
60 136 1
65 136 1
69 136 1
75 136 1
78 136 1
80 136 1
95 136 1
98 136 1
102 136 1
105 136 1
107 136 1
110 136 1
115 136 1
116 136 1
126 136 1
127 136 1
129 136 1
133 136 1
134 136 1
135 136 1
2 137 1
4 137 1
9 137 1
13 137 1
14 137 1
16 137 1
22 137 1
24 137 1
28 137 1
29 137 1
32 137 1
37 137 1
40 137 1
44 137 1
46 137 1
47 137 1
49 137 1
50 137 1
53 137 1
56 137 1
58 137 1
62 137 1
64 137 1
66 137 1
68 137 1
69 137 1
74 137 1
76 137 1
77 137 1
81 137 1
83 137 1
85 137 1
90 137 1
92 137 1
94 137 1
95 137 1
96 137 1
97 137 1
108 137 1
111 137 1
117 137 1
119 137 1
124 137 1
127 137 1
133 137 1
2 138 1
10 138 1
12 138 1
13 138 1
15 138 1
19 138 1
29 138 1
32 138 1
33 138 1
36 138 1
37 138 1
38 138 1
51 138 1
52 138 1
54 138 1
57 138 1
59 138 1
64 138 1
65 138 1
79 138 1
84 138 1
85 138 1
86 138 1
88 138 1
94 138 1
96 138 1
98 138 1
105 138 1
109 138 1
113 138 1
114 138 1
115 138 1
116 138 1
118 138 1
127 138 1
130 138 1
131 138 1
132 138 1
136 138 1
2 139 1
3 139 1
11 139 1
12 139 1
13 139 1
14 139 1
22 139 1
28 139 1
29 139 1
51 139 1
54 139 1
65 139 1
67 139 1
69 139 1
78 139 1
82 139 1
83 139 1
87 139 1
88 139 1
92 139 1
93 139 1
97 139 1
100 139 1
102 139 1
111 139 1
113 139 1
122 139 1
131 139 1
137 139 1
2 140 1
3 140 1
13 140 1
22 140 1
25 140 1
26 140 1
27 140 1
32 140 1
39 140 1
44 140 1
48 140 1
50 140 1
51 140 1
52 140 1
61 140 1
66 140 1
68 140 1
69 140 1
72 140 1
74 140 1
75 140 1
80 140 1
89 140 1
92 140 1
96 140 1
97 140 1
103 140 1
116 140 1
119 140 1
124 140 1
138 140 1
9 141 1
10 141 1
21 141 1
31 141 1
32 141 1
37 141 1
38 141 1
39 141 1
42 141 1
43 141 1
45 141 1
47 141 1
52 141 1
54 141 1
56 141 1
60 141 1
71 141 1
73 141 1
80 141 1
81 141 1
82 141 1
84 141 1
85 141 1
99 141 1
110 141 1
113 141 1
114 141 1
115 141 1
118 141 1
121 141 1
122 141 1
129 141 1
3 142 1
5 142 1
8 142 1
13 142 1
15 142 1
17 142 1
27 142 1
31 142 1
35 142 1
41 142 1
46 142 1
49 142 1
51 142 1
53 142 1
54 142 1
56 142 1
60 142 1
67 142 1
75 142 1
76 142 1
87 142 1
89 142 1
102 142 1
108 142 1
112 142 1
114 142 1
119 142 1
122 142 1
131 142 1
132 142 1
133 142 1
3 143 1
7 143 1
10 143 1
14 143 1
22 143 1
25 143 1
26 143 1
28 143 1
30 143 1
34 143 1
35 143 1
36 143 1
39 143 1
40 143 1
51 143 1
57 143 1
65 143 1
68 143 1
69 143 1
71 143 1
75 143 1
77 143 1
87 143 1
89 143 1
91 143 1
98 143 1
99 143 1
101 143 1
107 143 1
113 143 1
136 143 1
140 143 1
2 144 1
10 144 1
15 144 1
16 144 1
19 144 1
23 144 1
29 144 1
30 144 1
38 144 1
43 144 1
50 144 1
53 144 1
57 144 1
67 144 1
70 144 1
75 144 1
78 144 1
80 144 1
83 144 1
87 144 1
92 144 1
93 144 1
95 144 1
97 144 1
98 144 1
113 144 1
116 144 1
117 144 1
120 144 1
123 144 1
124 144 1
126 144 1
127 144 1
129 144 1
133 144 1
139 144 1
141 144 1
142 144 1
7 145 1
8 145 1
10 145 1
12 145 1
14 145 1
18 145 1
19 145 1
21 145 1
29 145 1
40 145 1
41 145 1
46 145 1
50 145 1
54 145 1
55 145 1
57 145 1
61 145 1
62 145 1
67 145 1
68 145 1
74 145 1
79 145 1
80 145 1
81 145 1
83 145 1
89 145 1
94 145 1
95 145 1
97 145 1
100 145 1
102 145 1
111 145 1
112 145 1
133 145 1
138 145 1
139 145 1
142 145 1
143 145 1
9 146 1
18 146 1
28 146 1
32 146 1
33 146 1
37 146 1
38 146 1
41 146 1
48 146 1
52 146 1
55 146 1
57 146 1
58 146 1
65 146 1
66 146 1
67 146 1
71 146 1
72 146 1
75 146 1
87 146 1
88 146 1
90 146 1
91 146 1
93 146 1
94 146 1
96 146 1
99 146 1
103 146 1
121 146 1
125 146 1
130 146 1
132 146 1
139 146 1
2 147 1
11 147 1
13 147 1
25 147 1
36 147 1
37 147 1
46 147 1
51 147 1
58 147 1
59 147 1
61 147 1
66 147 1
67 147 1
68 147 1
70 147 1
78 147 1
82 147 1
86 147 1
89 147 1
90 147 1
98 147 1
103 147 1
106 147 1
107 147 1
109 147 1
118 147 1
125 147 1
127 147 1
128 147 1
129 147 1
131 147 1
132 147 1
136 147 1
141 147 1
143 147 1
144 147 1
145 147 1
3 148 1
5 148 1
7 148 1
9 148 1
12 148 1
23 148 1
29 148 1
30 148 1
33 148 1
34 148 1
44 148 1
49 148 1
50 148 1
54 148 1
68 148 1
74 148 1
75 148 1
87 148 1
90 148 1
93 148 1
95 148 1
100 148 1
104 148 1
105 148 1
117 148 1
129 148 1
130 148 1
133 148 1
136 148 1
142 148 1
143 148 1
146 148 1
3 149 1
13 149 1
14 149 1
15 149 1
19 149 1
20 149 1
21 149 1
22 149 1
28 149 1
36 149 1
40 149 1
41 149 1
44 149 1
47 149 1
49 149 1
53 149 1
54 149 1
55 149 1
56 149 1
61 149 1
62 149 1
64 149 1
71 149 1
72 149 1
73 149 1
79 149 1
86 149 1
88 149 1
90 149 1
92 149 1
97 149 1
98 149 1
106 149 1
107 149 1
111 149 1
117 149 1
124 149 1
127 149 1
128 149 1
129 149 1
133 149 1
138 149 1
139 149 1
140 149 1
145 149 1
146 149 1
148 149 1
1 150 1
6 150 1
7 150 1
13 150 1
14 150 1
15 150 1
18 150 1
23 150 1
25 150 1
26 150 1
27 150 1
28 150 1
38 150 1
39 150 1
44 150 1
46 150 1
47 150 1
49 150 1
50 150 1
51 150 1
57 150 1
65 150 1
70 150 1
71 150 1
80 150 1
101 150 1
105 150 1
108 150 1
109 150 1
113 150 1
117 150 1
119 150 1
120 150 1
125 150 1
129 150 1
131 150 1
134 150 1
141 150 1
142 150 1
143 150 1
146 150 1
5 151 1
6 151 1
9 151 1
17 151 1
21 151 1
32 151 1
35 151 1
38 151 1
39 151 1
40 151 1
43 151 1
44 151 1
48 151 1
51 151 1
52 151 1
53 151 1
56 151 1
57 151 1
63 151 1
64 151 1
73 151 1
76 151 1
83 151 1
85 151 1
86 151 1
92 151 1
93 151 1
95 151 1
98 151 1
99 151 1
104 151 1
107 151 1
109 151 1
110 151 1
111 151 1
118 151 1
119 151 1
120 151 1
123 151 1
126 151 1
127 151 1
129 151 1
131 151 1
133 151 1
134 151 1
135 151 1
140 151 1
145 151 1
149 151 1
150 151 1
2 152 1
7 152 1
9 152 1
17 152 1
19 152 1
28 152 1
34 152 1
38 152 1
39 152 1
44 152 1
50 152 1
56 152 1
58 152 1
63 152 1
68 152 1
72 152 1
83 152 1
88 152 1
90 152 1
93 152 1
102 152 1
114 152 1
118 152 1
123 152 1
125 152 1
126 152 1
128 152 1
129 152 1
136 152 1
140 152 1
141 152 1
146 152 1
5 153 1
8 153 1
11 153 1
16 153 1
17 153 1
20 153 1
22 153 1
24 153 1
25 153 1
27 153 1
29 153 1
30 153 1
31 153 1
35 153 1
36 153 1
39 153 1
46 153 1
50 153 1
56 153 1
69 153 1
70 153 1
76 153 1
83 153 1
88 153 1
90 153 1
92 153 1
93 153 1
105 153 1
107 153 1
109 153 1
110 153 1
111 153 1
112 153 1
113 153 1
118 153 1
126 153 1
129 153 1
137 153 1
138 153 1
139 153 1
140 153 1
145 153 1
3 154 1
6 154 1
10 154 1
11 154 1
13 154 1
15 154 1
16 154 1
19 154 1
20 154 1
28 154 1
43 154 1
44 154 1
46 154 1
51 154 1
55 154 1
62 154 1
68 154 1
69 154 1
70 154 1
71 154 1
72 154 1
73 154 1
75 154 1
81 154 1
83 154 1
86 154 1
87 154 1
88 154 1
102 154 1
104 154 1
106 154 1
109 154 1
113 154 1
114 154 1
125 154 1
129 154 1
133 154 1
136 154 1
140 154 1
143 154 1
151 154 1
1 155 1
5 155 1
7 155 1
9 155 1
14 155 1
16 155 1
26 155 1
36 155 1
37 155 1
41 155 1
42 155 1
43 155 1
44 155 1
45 155 1
46 155 1
55 155 1
63 155 1
66 155 1
70 155 1
71 155 1
78 155 1
81 155 1
83 155 1
88 155 1
92 155 1
95 155 1
98 155 1
101 155 1
103 155 1
105 155 1
113 155 1
114 155 1
118 155 1
121 155 1
133 155 1
137 155 1
138 155 1
147 155 1
151 155 1
3 156 1
5 156 1
6 156 1
9 156 1
10 156 1
11 156 1
13 156 1
20 156 1
26 156 1
31 156 1
34 156 1
38 156 1
39 156 1
42 156 1
45 156 1
48 156 1
49 156 1
50 156 1
51 156 1
55 156 1
62 156 1
63 156 1
66 156 1
67 156 1
71 156 1
73 156 1
75 156 1
83 156 1
84 156 1
88 156 1
92 156 1
94 156 1
97 156 1
104 156 1
105 156 1
117 156 1
122 156 1
127 156 1
131 156 1
134 156 1
136 156 1
139 156 1
142 156 1
150 156 1
2 157 1
11 157 1
16 157 1
27 157 1
29 157 1
32 157 1
36 157 1
37 157 1
40 157 1
46 157 1
55 157 1
58 157 1
59 157 1
60 157 1
67 157 1
69 157 1
80 157 1
89 157 1
94 157 1
98 157 1
103 157 1
107 157 1
109 157 1
116 157 1
130 157 1
131 157 1
134 157 1
137 157 1
140 157 1
144 157 1
2 158 1
10 158 1
15 158 1
16 158 1
20 158 1
40 158 1
42 158 1
44 158 1
45 158 1
50 158 1
54 158 1
55 158 1
56 158 1
63 158 1
67 158 1
70 158 1
71 158 1
73 158 1
78 158 1
81 158 1
87 158 1
89 158 1
93 158 1
105 158 1
112 158 1
113 158 1
116 158 1
121 158 1
124 158 1
125 158 1
126 158 1
128 158 1
151 158 1
152 158 1
153 158 1
154 158 1
155 158 1
157 158 1
2 159 1
6 159 1
8 159 1
10 159 1
13 159 1
15 159 1
16 159 1
21 159 1
26 159 1
27 159 1
32 159 1
33 159 1
36 159 1
37 159 1
38 159 1
47 159 1
53 159 1
60 159 1
61 159 1
62 159 1
76 159 1
78 159 1
79 159 1
82 159 1
84 159 1
87 159 1
90 159 1
92 159 1
95 159 1
98 159 1
100 159 1
107 159 1
108 159 1
109 159 1
110 159 1
113 159 1
117 159 1
118 159 1
133 159 1
139 159 1
143 159 1
145 159 1
5 160 1
7 160 1
17 160 1
20 160 1
21 160 1
26 160 1
27 160 1
30 160 1
38 160 1
42 160 1
45 160 1
49 160 1
50 160 1
52 160 1
55 160 1
56 160 1
65 160 1
78 160 1
80 160 1
83 160 1
85 160 1
90 160 1
93 160 1
95 160 1
96 160 1
99 160 1
100 160 1
103 160 1
104 160 1
110 160 1
113 160 1
116 160 1
117 160 1
127 160 1
134 160 1
135 160 1
138 160 1
140 160 1
141 160 1
143 160 1
144 160 1
150 160 1
152 160 1
153 160 1
156 160 1
157 160 1
1 161 1
2 161 1
3 161 1
4 161 1
9 161 1
11 161 1
18 161 1
30 161 1
31 161 1
33 161 1
35 161 1
36 161 1
37 161 1
39 161 1
42 161 1
48 161 1
56 161 1
59 161 1
66 161 1
67 161 1
72 161 1
75 161 1
77 161 1
84 161 1
85 161 1
89 161 1
92 161 1
96 161 1
101 161 1
102 161 1
103 161 1
107 161 1
113 161 1
115 161 1
125 161 1
126 161 1
128 161 1
129 161 1
136 161 1
139 161 1
146 161 1
149 161 1
152 161 1
155 161 1
3 162 1
11 162 1
30 162 1
34 162 1
35 162 1
37 162 1
39 162 1
42 162 1
46 162 1
55 162 1
56 162 1
57 162 1
69 162 1
70 162 1
77 162 1
78 162 1
79 162 1
89 162 1
91 162 1
103 162 1
107 162 1
112 162 1
114 162 1
117 162 1
118 162 1
123 162 1
125 162 1
127 162 1
130 162 1
141 162 1
142 162 1
154 162 1
6 163 1
7 163 1
12 163 1
20 163 1
21 163 1
23 163 1
28 163 1
29 163 1
30 163 1
33 163 1
34 163 1
37 163 1
40 163 1
41 163 1
44 163 1
45 163 1
50 163 1
52 163 1
53 163 1
80 163 1
96 163 1
98 163 1
99 163 1
103 163 1
114 163 1
118 163 1
120 163 1
125 163 1
127 163 1
128 163 1
129 163 1
134 163 1
137 163 1
147 163 1
149 163 1
153 163 1
157 163 1
158 163 1
159 163 1
160 163 1
162 163 1
2 164 1
3 164 1
6 164 1
13 164 1
14 164 1
19 164 1
25 164 1
28 164 1
29 164 1
35 164 1
38 164 1
41 164 1
44 164 1
46 164 1
54 164 1
57 164 1
64 164 1
67 164 1
69 164 1
74 164 1
80 164 1
85 164 1
89 164 1
90 164 1
93 164 1
96 164 1
98 164 1
106 164 1
107 164 1
109 164 1
111 164 1
118 164 1
129 164 1
131 164 1
139 164 1
142 164 1
147 164 1
160 164 1
161 164 1
3 165 1
6 165 1
20 165 1
24 165 1
26 165 1
33 165 1
41 165 1
43 165 1
44 165 1
50 165 1
52 165 1
60 165 1
65 165 1
67 165 1
74 165 1
75 165 1
79 165 1
83 165 1
86 165 1
88 165 1
94 165 1
96 165 1
97 165 1
100 165 1
106 165 1
109 165 1
110 165 1
112 165 1
113 165 1
114 165 1
118 165 1
122 165 1
129 165 1
136 165 1
138 165 1
160 165 1
162 165 1
1 166 1
6 166 1
19 166 1
21 166 1
29 166 1
35 166 1
40 166 1
42 166 1
43 166 1
48 166 1
51 166 1
56 166 1
69 166 1
70 166 1
78 166 1
79 166 1
81 166 1
90 166 1
97 166 1
99 166 1
100 166 1
103 166 1
110 166 1
113 166 1
114 166 1
123 166 1
124 166 1
127 166 1
128 166 1
129 166 1
132 166 1
134 166 1
135 166 1
136 166 1
138 166 1
140 166 1
141 166 1
142 166 1
143 166 1
147 166 1
149 166 1
154 166 1
155 166 1
157 166 1
158 166 1
1 167 1
2 167 1
3 167 1
6 167 1
9 167 1
13 167 1
15 167 1
17 167 1
18 167 1
24 167 1
27 167 1
29 167 1
32 167 1
40 167 1
41 167 1
45 167 1
47 167 1
52 167 1
62 167 1
63 167 1
65 167 1
66 167 1
68 167 1
69 167 1
70 167 1
73 167 1
77 167 1
78 167 1
85 167 1
91 167 1
92 167 1
104 167 1
107 167 1
109 167 1
112 167 1
118 167 1
122 167 1
125 167 1
126 167 1
137 167 1
138 167 1
139 167 1
145 167 1
152 167 1
165 167 1
5 168 1
9 168 1
10 168 1
19 168 1
20 168 1
21 168 1
27 168 1
28 168 1
30 168 1
32 168 1
47 168 1
48 168 1
51 168 1
52 168 1
55 168 1
57 168 1
75 168 1
83 168 1
87 168 1
88 168 1
89 168 1
90 168 1
100 168 1
101 168 1
102 168 1
103 168 1
105 168 1
108 168 1
117 168 1
122 168 1
128 168 1
129 168 1
136 168 1
137 168 1
138 168 1
139 168 1
143 168 1
147 168 1
160 168 1
2 169 1
3 169 1
4 169 1
8 169 1
9 169 1
10 169 1
13 169 1
14 169 1
16 169 1
18 169 1
21 169 1
23 169 1
24 169 1
30 169 1
32 169 1
33 169 1
44 169 1
47 169 1
50 169 1
53 169 1
57 169 1
63 169 1
66 169 1
70 169 1
71 169 1
72 169 1
73 169 1
78 169 1
85 169 1
90 169 1
93 169 1
97 169 1
98 169 1
99 169 1
100 169 1
101 169 1
102 169 1
104 169 1
120 169 1
121 169 1
122 169 1
123 169 1
128 169 1
136 169 1
137 169 1
145 169 1
151 169 1
153 169 1
160 169 1
168 169 1
1 170 1
5 170 1
10 170 1
15 170 1
25 170 1
34 170 1
37 170 1
41 170 1
42 170 1
43 170 1
44 170 1
53 170 1
58 170 1
64 170 1
65 170 1
75 170 1
79 170 1
89 170 1
90 170 1
93 170 1
103 170 1
104 170 1
105 170 1
106 170 1
110 170 1
112 170 1
117 170 1
120 170 1
126 170 1
132 170 1
139 170 1
143 170 1
152 170 1
156 170 1
157 170 1
158 170 1
160 170 1
167 170 1
169 170 1
3 171 1
10 171 1
11 171 1
15 171 1
16 171 1
17 171 1
18 171 1
19 171 1
21 171 1
23 171 1
30 171 1
31 171 1
35 171 1
41 171 1
43 171 1
47 171 1
58 171 1
62 171 1
65 171 1
67 171 1
71 171 1
72 171 1
73 171 1
76 171 1
84 171 1
89 171 1
94 171 1
95 171 1
98 171 1
106 171 1
108 171 1
109 171 1
110 171 1
113 171 1
115 171 1
116 171 1
117 171 1
124 171 1
131 171 1
134 171 1
140 171 1
146 171 1
153 171 1
157 171 1
162 171 1
166 171 1
170 171 1
1 172 1
3 172 1
5 172 1
6 172 1
11 172 1
14 172 1
17 172 1
20 172 1
27 172 1
28 172 1
36 172 1
40 172 1
42 172 1
48 172 1
50 172 1
57 172 1
61 172 1
71 172 1
73 172 1
76 172 1
82 172 1
88 172 1
92 172 1
95 172 1
96 172 1
101 172 1
105 172 1
110 172 1
111 172 1
116 172 1
122 172 1
124 172 1
126 172 1
132 172 1
134 172 1
135 172 1
145 172 1
153 172 1
161 172 1
166 172 1
3 173 1
6 173 1
8 173 1
11 173 1
12 173 1
13 173 1
15 173 1
21 173 1
29 173 1
30 173 1
31 173 1
34 173 1
39 173 1
41 173 1
45 173 1
50 173 1
54 173 1
55 173 1
61 173 1
65 173 1
67 173 1
71 173 1
77 173 1
78 173 1
80 173 1
89 173 1
93 173 1
101 173 1
104 173 1
110 173 1
111 173 1
113 173 1
119 173 1
121 173 1
122 173 1
127 173 1
129 173 1
137 173 1
139 173 1
145 173 1
149 173 1
150 173 1
156 173 1
157 173 1
158 173 1
160 173 1
166 173 1
167 173 1
172 173 1
5 174 1
8 174 1
9 174 1
16 174 1
17 174 1
21 174 1
24 174 1
27 174 1
28 174 1
33 174 1
39 174 1
40 174 1
41 174 1
44 174 1
56 174 1
65 174 1
69 174 1
70 174 1
71 174 1
73 174 1
76 174 1
80 174 1
84 174 1
102 174 1
108 174 1
113 174 1
120 174 1
122 174 1
129 174 1
136 174 1
138 174 1
144 174 1
147 174 1
151 174 1
152 174 1
160 174 1
164 174 1
165 174 1
166 174 1
5 175 1
9 175 1
12 175 1
16 175 1
18 175 1
20 175 1
23 175 1
29 175 1
34 175 1
35 175 1
38 175 1
44 175 1
58 175 1
60 175 1
65 175 1
68 175 1
80 175 1
90 175 1
96 175 1
97 175 1
103 175 1
104 175 1
105 175 1
112 175 1
120 175 1
124 175 1
125 175 1
132 175 1
137 175 1
140 175 1
148 175 1
149 175 1
157 175 1
167 175 1
172 175 1
1 176 1
5 176 1
7 176 1
8 176 1
9 176 1
21 176 1
22 176 1
26 176 1
30 176 1
31 176 1
33 176 1
35 176 1
38 176 1
40 176 1
43 176 1
44 176 1
50 176 1
53 176 1
57 176 1
59 176 1
61 176 1
68 176 1
78 176 1
95 176 1
96 176 1
98 176 1
100 176 1
102 176 1
103 176 1
104 176 1
108 176 1
111 176 1
112 176 1
114 176 1
116 176 1
120 176 1
125 176 1
126 176 1
134 176 1
136 176 1
139 176 1
143 176 1
144 176 1
149 176 1
157 176 1
158 176 1
159 176 1
161 176 1
162 176 1
170 176 1
1 177 1
5 177 1
9 177 1
16 177 1
20 177 1
22 177 1
26 177 1
28 177 1
33 177 1
36 177 1
46 177 1
47 177 1
51 177 1
64 177 1
65 177 1
66 177 1
73 177 1
74 177 1
78 177 1
79 177 1
81 177 1
82 177 1
92 177 1
96 177 1
99 177 1
104 177 1
107 177 1
113 177 1
118 177 1
119 177 1
122 177 1
131 177 1
139 177 1
142 177 1
143 177 1
148 177 1
150 177 1
151 177 1
159 177 1
160 177 1
164 177 1
167 177 1
175 177 1
4 178 1
7 178 1
10 178 1
13 178 1
16 178 1
19 178 1
20 178 1
28 178 1
31 178 1
32 178 1
34 178 1
35 178 1
45 178 1
54 178 1
56 178 1
59 178 1
62 178 1
63 178 1
73 178 1
76 178 1
80 178 1
81 178 1
82 178 1
94 178 1
95 178 1
96 178 1
102 178 1
104 178 1
109 178 1
114 178 1
115 178 1
117 178 1
118 178 1
119 178 1
122 178 1
123 178 1
124 178 1
137 178 1
146 178 1
147 178 1
148 178 1
149 178 1
156 178 1
162 178 1
165 178 1
172 178 1
173 178 1
176 178 1
5 179 1
6 179 1
8 179 1
9 179 1
10 179 1
11 179 1
28 179 1
31 179 1
37 179 1
43 179 1
48 179 1
55 179 1
57 179 1
64 179 1
66 179 1
67 179 1
69 179 1
80 179 1
85 179 1
86 179 1
87 179 1
91 179 1
96 179 1
99 179 1
103 179 1
105 179 1
108 179 1
114 179 1
117 179 1
118 179 1
121 179 1
125 179 1
126 179 1
128 179 1
129 179 1
130 179 1
132 179 1
135 179 1
136 179 1
145 179 1
154 179 1
163 179 1
169 179 1
171 179 1
172 179 1
177 179 1
3 180 1
7 180 1
8 180 1
9 180 1
10 180 1
14 180 1
21 180 1
27 180 1
29 180 1
32 180 1
46 180 1
48 180 1
49 180 1
50 180 1
61 180 1
65 180 1
74 180 1
77 180 1
79 180 1
83 180 1
85 180 1
98 180 1
99 180 1
102 180 1
105 180 1
107 180 1
108 180 1
112 180 1
115 180 1
117 180 1
118 180 1
121 180 1
122 180 1
123 180 1
135 180 1
137 180 1
146 180 1
148 180 1
152 180 1
164 180 1
168 180 1
5 181 1
7 181 1
13 181 1
20 181 1
23 181 1
24 181 1
28 181 1
29 181 1
36 181 1
40 181 1
43 181 1
44 181 1
46 181 1
53 181 1
54 181 1
60 181 1
64 181 1
66 181 1
68 181 1
69 181 1
71 181 1
79 181 1
87 181 1
90 181 1
91 181 1
92 181 1
94 181 1
95 181 1
107 181 1
110 181 1
120 181 1
125 181 1
127 181 1
130 181 1
133 181 1
136 181 1
139 181 1
143 181 1
145 181 1
149 181 1
157 181 1
164 181 1
170 181 1
172 181 1
173 181 1
180 181 1
2 182 1
7 182 1
8 182 1
13 182 1
19 182 1
22 182 1
24 182 1
28 182 1
44 182 1
46 182 1
50 182 1
54 182 1
55 182 1
57 182 1
58 182 1
63 182 1
65 182 1
78 182 1
82 182 1
83 182 1
88 182 1
97 182 1
101 182 1
104 182 1
112 182 1
113 182 1
117 182 1
120 182 1
131 182 1
134 182 1
146 182 1
149 182 1
154 182 1
157 182 1
158 182 1
163 182 1
164 182 1
166 182 1
167 182 1
168 182 1
169 182 1
171 182 1
176 182 1
181 182 1
2 183 1
4 183 1
12 183 1
15 183 1
16 183 1
21 183 1
27 183 1
28 183 1
31 183 1
32 183 1
39 183 1
42 183 1
47 183 1
48 183 1
51 183 1
54 183 1
56 183 1
60 183 1
70 183 1
71 183 1
73 183 1
75 183 1
86 183 1
88 183 1
89 183 1
98 183 1
100 183 1
103 183 1
104 183 1
109 183 1
121 183 1
124 183 1
127 183 1
129 183 1
144 183 1
146 183 1
152 183 1
153 183 1
163 183 1
165 183 1
169 183 1
170 183 1
173 183 1
3 184 1
8 184 1
14 184 1
16 184 1
18 184 1
19 184 1
21 184 1
26 184 1
27 184 1
31 184 1
34 184 1
40 184 1
43 184 1
45 184 1
48 184 1
50 184 1
53 184 1
55 184 1
59 184 1
65 184 1
70 184 1
75 184 1
76 184 1
77 184 1
84 184 1
88 184 1
91 184 1
92 184 1
97 184 1
101 184 1
105 184 1
107 184 1
108 184 1
110 184 1
111 184 1
114 184 1
119 184 1
123 184 1
124 184 1
132 184 1
134 184 1
135 184 1
142 184 1
151 184 1
155 184 1
158 184 1
164 184 1
166 184 1
170 184 1
172 184 1
173 184 1
15 185 1
16 185 1
19 185 1
23 185 1
26 185 1
27 185 1
28 185 1
29 185 1
30 185 1
36 185 1
56 185 1
57 185 1
63 185 1
64 185 1
65 185 1
67 185 1
68 185 1
75 185 1
80 185 1
93 185 1
97 185 1
98 185 1
105 185 1
109 185 1
111 185 1
113 185 1
120 185 1
124 185 1
128 185 1
141 185 1
148 185 1
154 185 1
161 185 1
164 185 1
170 185 1
174 185 1
175 185 1
179 185 1
1 186 1
6 186 1
8 186 1
9 186 1
10 186 1
14 186 1
19 186 1
23 186 1
26 186 1
29 186 1
33 186 1
36 186 1
43 186 1
45 186 1
46 186 1
49 186 1
71 186 1
72 186 1
76 186 1
80 186 1
81 186 1
82 186 1
88 186 1
94 186 1
96 186 1
98 186 1
101 186 1
110 186 1
116 186 1
118 186 1
125 186 1
127 186 1
133 186 1
134 186 1
138 186 1
139 186 1
140 186 1
142 186 1
145 186 1
150 186 1
156 186 1
158 186 1
161 186 1
163 186 1
167 186 1
171 186 1
174 186 1
176 186 1
181 186 1
182 186 1
184 186 1
5 187 1
7 187 1
20 187 1
21 187 1
22 187 1
27 187 1
28 187 1
31 187 1
35 187 1
36 187 1
38 187 1
41 187 1
47 187 1
49 187 1
50 187 1
51 187 1
52 187 1
55 187 1
74 187 1
76 187 1
91 187 1
99 187 1
102 187 1
105 187 1
106 187 1
112 187 1
122 187 1
123 187 1
133 187 1
137 187 1
139 187 1
140 187 1
141 187 1
159 187 1
171 187 1
174 187 1
181 187 1
185 187 1
5 188 1
10 188 1
11 188 1
12 188 1
25 188 1
35 188 1
39 188 1
41 188 1
47 188 1
49 188 1
58 188 1
63 188 1
64 188 1
68 188 1
69 188 1
90 188 1
94 188 1
97 188 1
99 188 1
100 188 1
104 188 1
105 188 1
107 188 1
109 188 1
110 188 1
122 188 1
125 188 1
128 188 1
130 188 1
134 188 1
138 188 1
142 188 1
145 188 1
152 188 1
153 188 1
156 188 1
164 188 1
168 188 1
169 188 1
173 188 1
178 188 1
179 188 1
180 188 1
184 188 1
10 189 1
12 189 1
24 189 1
25 189 1
28 189 1
32 189 1
43 189 1
50 189 1
51 189 1
53 189 1
65 189 1
73 189 1
74 189 1
93 189 1
95 189 1
101 189 1
104 189 1
115 189 1
116 189 1
120 189 1
123 189 1
124 189 1
125 189 1
129 189 1
132 189 1
139 189 1
146 189 1
147 189 1
154 189 1
158 189 1
170 189 1
173 189 1
175 189 1
177 189 1
182 189 1
187 189 1
5 190 1
6 190 1
15 190 1
16 190 1
19 190 1
21 190 1
28 190 1
29 190 1
30 190 1
31 190 1
34 190 1
39 190 1
42 190 1
52 190 1
54 190 1
55 190 1
57 190 1
61 190 1
63 190 1
68 190 1
76 190 1
85 190 1
89 190 1
90 190 1
98 190 1
102 190 1
105 190 1
109 190 1
110 190 1
111 190 1
112 190 1
113 190 1
114 190 1
120 190 1
121 190 1
122 190 1
137 190 1
140 190 1
149 190 1
157 190 1
158 190 1
165 190 1
167 190 1
173 190 1
174 190 1
175 190 1
183 190 1
188 190 1
5 191 1
6 191 1
7 191 1
9 191 1
11 191 1
12 191 1
20 191 1
24 191 1
27 191 1
34 191 1
35 191 1
38 191 1
39 191 1
40 191 1
42 191 1
45 191 1
49 191 1
50 191 1
51 191 1
52 191 1
58 191 1
60 191 1
62 191 1
63 191 1
64 191 1
77 191 1
81 191 1
83 191 1
85 191 1
87 191 1
97 191 1
98 191 1
99 191 1
101 191 1
107 191 1
110 191 1
111 191 1
114 191 1
115 191 1
120 191 1
123 191 1
126 191 1
130 191 1
131 191 1
134 191 1
136 191 1
138 191 1
140 191 1
141 191 1
142 191 1
149 191 1
153 191 1
154 191 1
155 191 1
158 191 1
164 191 1
165 191 1
169 191 1
170 191 1
173 191 1
178 191 1
180 191 1
2 192 1
6 192 1
14 192 1
22 192 1
24 192 1
26 192 1
35 192 1
37 192 1
39 192 1
44 192 1
48 192 1
49 192 1
50 192 1
58 192 1
61 192 1
63 192 1
67 192 1
68 192 1
72 192 1
74 192 1
76 192 1
79 192 1
81 192 1
85 192 1
92 192 1
95 192 1
98 192 1
102 192 1
110 192 1
113 192 1
117 192 1
119 192 1
120 192 1
122 192 1
125 192 1
126 192 1
128 192 1
132 192 1
134 192 1
135 192 1
148 192 1
153 192 1
157 192 1
162 192 1
176 192 1
179 192 1
181 192 1
185 192 1
188 192 1
4 193 1
8 193 1
9 193 1
12 193 1
18 193 1
20 193 1
22 193 1
24 193 1
26 193 1
35 193 1
36 193 1
44 193 1
48 193 1
49 193 1
50 193 1
51 193 1
56 193 1
57 193 1
64 193 1
69 193 1
70 193 1
74 193 1
76 193 1
78 193 1
79 193 1
80 193 1
81 193 1
85 193 1
91 193 1
94 193 1
95 193 1
98 193 1
104 193 1
107 193 1
110 193 1
111 193 1
112 193 1
117 193 1
118 193 1
119 193 1
122 193 1
130 193 1
138 193 1
139 193 1
141 193 1
152 193 1
158 193 1
162 193 1
163 193 1
164 193 1
170 193 1
172 193 1
174 193 1
179 193 1
183 193 1
188 193 1
6 194 1
8 194 1
16 194 1
17 194 1
21 194 1
27 194 1
33 194 1
35 194 1
36 194 1
42 194 1
47 194 1
48 194 1
49 194 1
51 194 1
54 194 1
57 194 1
61 194 1
101 194 1
104 194 1
106 194 1
115 194 1
129 194 1
137 194 1
141 194 1
143 194 1
146 194 1
149 194 1
155 194 1
156 194 1
160 194 1
163 194 1
165 194 1
173 194 1
174 194 1
177 194 1
181 194 1
185 194 1
191 194 1
1 195 1
3 195 1
8 195 1
10 195 1
17 195 1
18 195 1
22 195 1
23 195 1
25 195 1
27 195 1
28 195 1
37 195 1
44 195 1
45 195 1
46 195 1
53 195 1
58 195 1
69 195 1
81 195 1
85 195 1
87 195 1
95 195 1
96 195 1
99 195 1
107 195 1
108 195 1
109 195 1
113 195 1
115 195 1
124 195 1
134 195 1
145 195 1
151 195 1
161 195 1
162 195 1
163 195 1
164 195 1
165 195 1
166 195 1
167 195 1
178 195 1
184 195 1
188 195 1
189 195 1
192 195 1
194 195 1
1 196 1
2 196 1
10 196 1
17 196 1
21 196 1
23 196 1
33 196 1
37 196 1
42 196 1
47 196 1
48 196 1
53 196 1
59 196 1
60 196 1
68 196 1
74 196 1
77 196 1
79 196 1
86 196 1
87 196 1
92 196 1
94 196 1
97 196 1
102 196 1
108 196 1
114 196 1
116 196 1
117 196 1
118 196 1
119 196 1
121 196 1
122 196 1
124 196 1
125 196 1
130 196 1
131 196 1
132 196 1
134 196 1
135 196 1
138 196 1
139 196 1
140 196 1
141 196 1
145 196 1
146 196 1
161 196 1
162 196 1
164 196 1
182 196 1
183 196 1
188 196 1
7 197 1
12 197 1
15 197 1
16 197 1
24 197 1
27 197 1
29 197 1
34 197 1
43 197 1
53 197 1
54 197 1
55 197 1
62 197 1
65 197 1
68 197 1
70 197 1
73 197 1
80 197 1
85 197 1
94 197 1
98 197 1
99 197 1
107 197 1
109 197 1
112 197 1
115 197 1
116 197 1
117 197 1
122 197 1
125 197 1
131 197 1
134 197 1
138 197 1
140 197 1
141 197 1
147 197 1
161 197 1
168 197 1
170 197 1
174 197 1
175 197 1
178 197 1
179 197 1
180 197 1
181 197 1
185 197 1
186 197 1
188 197 1
194 197 1
2 198 1
5 198 1
7 198 1
12 198 1
22 198 1
25 198 1
29 198 1
34 198 1
35 198 1
36 198 1
37 198 1
40 198 1
41 198 1
43 198 1
48 198 1
51 198 1
57 198 1
59 198 1
63 198 1
70 198 1
75 198 1
77 198 1
87 198 1
91 198 1
93 198 1
96 198 1
98 198 1
99 198 1
100 198 1
113 198 1
114 198 1
120 198 1
121 198 1
123 198 1
126 198 1
127 198 1
133 198 1
134 198 1
136 198 1
140 198 1
144 198 1
145 198 1
147 198 1
150 198 1
161 198 1
165 198 1
166 198 1
167 198 1
172 198 1
174 198 1
178 198 1
179 198 1
181 198 1
182 198 1
195 198 1
1 199 1
11 199 1
13 199 1
14 199 1
20 199 1
24 199 1
27 199 1
30 199 1
34 199 1
36 199 1
37 199 1
45 199 1
52 199 1
61 199 1
71 199 1
72 199 1
74 199 1
78 199 1
80 199 1
81 199 1
82 199 1
93 199 1
96 199 1
99 199 1
102 199 1
107 199 1
108 199 1
117 199 1
119 199 1
127 199 1
128 199 1
133 199 1
138 199 1
139 199 1
140 199 1
143 199 1
150 199 1
153 199 1
155 199 1
157 199 1
159 199 1
164 199 1
165 199 1
168 199 1
170 199 1
171 199 1
173 199 1
175 199 1
181 199 1
184 199 1
193 199 1
194 199 1
195 199 1
197 199 1
11 200 1
12 200 1
16 200 1
20 200 1
21 200 1
26 200 1
31 200 1
32 200 1
34 200 1
45 200 1
49 200 1
54 200 1
67 200 1
69 200 1
72 200 1
75 200 1
108 200 1
110 200 1
113 200 1
117 200 1
118 200 1
120 200 1
128 200 1
132 200 1
134 200 1
138 200 1
139 200 1
144 200 1
146 200 1
147 200 1
150 200 1
153 200 1
164 200 1
166 200 1
172 200 1
174 200 1
176 200 1
177 200 1
182 200 1
184 200 1
195 200 1
196 200 1
198 200 1
