1 1
2 1
3 1
4 1
5 1
6 1
7 1
8 2
9 1
10 2
11 1
12 1
13 1
14 1
15 1
16 1
17 2
18 2
19 1
20 2
21 2
22 2
23 1
24 1
25 1
26 1
27 1
28 1
29 1
30 2
31 1
32 2
33 1
34 2
35 1
36 1
37 2
38 1
39 2
40 2
41 2
42 2
43 2
44 1
45 1
46 2
47 1
48 1
49 1
50 1
51 1
52 1
53 1
54 2
55 2
56 2
57 1
58 1
59 1
60 1
61 1
62 2
63 1
64 1
65 2
66 1
67 1
68 1
69 1
70 2
71 1
72 1
73 1
74 1
75 2
76 1
77 1
78 1
79 1
80 2
81 1
82 1
83 1
84 1
85 2
86 1
87 1
88 1
89 1
90 1
91 1
92 1
93 1
94 1
95 1
96 1
97 1
98 2
99 2
100 1
101 1
102 1
103 1
104 1
105 1
106 1
107 1
108 1
109 1
110 1
111 1
112 1
113 1
114 1
115 1
116 1
117 1
118 2
119 1
120 1
121 1
122 1
123 1
124 1
125 1
126 2
127 1
128 2
129 2
130 1
131 1
132 1
133 1
134 1
135 1
136 1
137 1
138 2
139 2
140 1
141 1
142 1
143 1
144 1
145 1
146 1
147 2
148 1
149 1
150 2
151 1
152 1
153 1
154 1
155 1
156 1
157 1
158 1
159 1
160 1
161 2
162 1
163 1
164 1
165 1
166 2
167 1
168 1
169 1
170 1
171 1
172 1
173 1
174 1
175 1
176 2
177 1
178 1
179 2
180 1
181 2
182 1
183 1
184 1
185 2
186 1
187 1
188 1
189 1
190 1
191 1
192 2
193 1
194 1
195 1
196 1
197 2
198 1
199 1
200 1
201 2
202 1
203 1
204 1
205 1
206 1
207 1
208 1
209 1
210 1
211 1
212 1
213 1
214 2
215 1
216 1
217 1
218 1
219 1
220 1
221 1
222 1
223 1
224 1
225 2
226 1
227 2
228 1
229 1
230 2
231 1
232 1
233 2
234 1
235 1
236 2
237 1
238 1
239 1
240 1
241 1
242 1
243 1
244 1
245 1
246 1
247 1
248 1
249 1
250 2
251 1
252 1
253 1
254 1
255 1
256 1
257 1
258 1
259 1
260 1
261 1
262 1
263 1
264 1
265 1
266 1
267 1
268 1
269 1
270 1
271 1
272 1
273 1
274 1
275 1
276 1
277 2
278 1
279 1
280 2
281 1
282 2
283 1
284 1
285 1
286 1
287 2
288 1
289 1
290 2
291 1
292 1
293 1
294 1
295 1
296 1
297 1
298 1
299 1
300 2
301 1
302 1
303 2
304 2
305 2
306 1
307 1
308 1
309 1
310 1
311 1
312 1
313 1
314 1
315 1
316 2
317 2
318 1
319 2
320 1
321 1
322 2
323 1
324 1
325 1
326 1
327 1
328 1
329 1
330 1
331 1
332 2
333 1
334 1
335 1
336 1
337 1
338 2
339 1
340 1
341 1
342 1
343 1
344 2
345 1
346 2
347 1
348 1
349 1
350 1
351 2
352 1
353 1
354 1
355 1
356 1
357 1
358 1
359 1
360 1
361 1
362 1
363 2
364 1
365 1
366 1
367 1
368 2
369 1
370 2
371 1
372 2
373 2
374 1
375 1
376 2
377 1
378 1
379 2
380 1
381 1
382 1
383 2
384 1
385 1
386 1
387 1
388 1
389 1
390 1
391 1
392 2
393 1
394 1
395 1
396 1
397 1
398 1
399 1
400 2
401 1
402 1
403 1
404 2
405 1
406 2
407 1
408 1
409 1
410 2
411 1
412 1
413 1
414 1
415 1
416 1
417 1
418 1
419 1
420 1
421 1
422 1
423 1
424 1
425 1
426 1
427 1
428 2
429 1
430 1
431 1
432 1
433 1
434 1
435 1
436 1
437 1
438 1
439 1
440 1
441 1
442 1
443 1
444 1
445 1
446 1
447 2
448 2
449 1
450 2
451 1
452 1
453 1
454 1
455 1
456 1
457 1
458 1
459 1
460 1
461 1
462 1
463 1
464 1
465 1
466 2
467 2
468 1
469 1
470 1
471 1
472 1
473 2
474 1
475 1
476 1
477 1
478 1
479 1
480 1
481 1
482 1
483 1
484 1
485 1
486 2
487 1
488 1
489 1
490 1
491 1
492 1
493 1
494 1
495 2
496 1
497 1
498 1
499 1
500 1
501 2
502 1
503 2
504 2
505 1
506 1
507 2
508 1
509 1
510 1
511 2
512 1
513 1
514 1
515 1
516 1
517 1
518 2
519 1
520 1
521 1
522 1
523 1
524 1
525 2
526 1
527 2
528 1
529 1
530 2
531 1
532 1
533 1
534 1
535 2
536 2
537 1
538 1
539 1
540 1
541 1
542 1
543 2
544 1
545 1
546 1
547 1
548 1
549 1
550 1
551 1
552 1
553 1
554 1
555 1
556 2
557 1
558 1
559 1
560 1
561 1
562 1
563 2
564 1
565 2
566 2
567 2
568 1
569 1
570 1
571 1
572 1
573 1
574 2
575 1
576 1
577 1
578 1
579 1
580 1
581 2
582 1
583 1
584 1
585 1
586 1
587 1
588 1
589 2
590 1
591 1
592 1
593 1
594 2
595 2
596 1
597 1
598 1
599 1
600 1
601 1
602 1
603 2
604 1
605 1
606 2
607 1
608 1
609 2
610 1
611 1
612 1
613 1
614 1
615 1
616 1
617 1
618 1
619 1
620 2
621 1
622 2
623 1
624 1
625 1
626 1
627 1
628 1
629 1
630 1
631 1
632 1
633 1
634 2
635 1
636 1
637 1
638 1
639 1
640 1
641 1
642 1
643 1
644 1
645 2
646 1
647 1
648 1
649 1
650 1
651 1
652 1
653 1
654 1
655 1
656 1
657 1
658 1
659 1
660 1
661 1
662 1
663 1
664 1
665 1
666 1
667 1
668 1
669 1
670 1
671 1
672 1
673 1
674 1
675 1
676 1
677 2
678 1
679 1
680 1
681 1
682 2
683 1
684 1
685 1
686 1
687 2
688 1
689 1
690 2
691 1
692 1
693 1
694 1
695 2
696 1
697 1
698 2
699 1
700 1
701 1
702 1
703 1
704 1
705 1
706 1
707 1
708 1
709 1
710 1
711 2
712 1
713 1
714 1
715 2
716 1
717 1
718 1
719 1
720 1
721 1
722 1
723 1
724 1
725 1
726 1
727 1
728 1
729 2
730 1
731 1
732 1
733 2
734 1
735 1
736 1
737 1
738 1
739 2
740 1
741 2
742 1
743 1
744 1
745 2
746 2
747 2
748 1
749 1
750 2
751 1
752 1
753 1
754 1
755 2
756 1
757 1
758 1
759 1
760 1
761 1
762 1
763 1
764 1
765 1
766 1
767 2
768 2
769 2
770 1
771 1
772 1
773 1
774 1
775 1
776 1
777 1
778 1
779 1
780 1
781 1
782 1
783 1
784 2
785 1
786 1
787 1
788 2
789 2
790 1
791 1
792 1
793 1
794 2
795 1
796 1
797 1
798 1
799 1
800 1
801 1
802 1
803 1
804 1
805 1
806 1
807 1
808 1
809 1
810 1
811 1
812 1
813 1
814 1
815 1
816 1
817 1
818 1
819 1
820 2
821 1
822 2
823 1
824 1
825 1
826 1
827 1
828 2
829 1
830 1
831 1
832 1
833 2
834 2
835 1
836 1
837 2
838 1
839 2
840 1
841 1
842 2
843 1
844 1
845 2
846 2
847 1
848 1
849 1
850 1
851 1
852 1
853 1
854 1
855 1
856 1
857 1
858 1
859 1
860 2
861 1
862 1
863 1
864 1
865 2
866 1
867 1
868 1
869 2
870 1
871 1
872 1
873 1
874 1
875 1
876 1
877 1
878 1
879 1
880 1
881 2
882 1
883 2
884 1
885 1
886 1
887 1
888 1
889 1
890 1
891 2
892 1
893 1
894 1
895 1
896 1
897 1
898 2
899 1
900 1
901 1
902 2
903 1
904 1
905 1
906 2
907 1
908 1
909 2
910 1
911 2
912 1
913 1
914 1
915 1
916 1
917 1
918 1
919 1
920 1
921 1
922 1
923 2
924 2
925 1
926 1
927 1
928 1
929 1
930 1
931 1
932 1
933 1
934 1
935 1
936 1
937 1
938 2
939 1
940 1
941 1
942 1
943 1
944 1
945 1
946 2
947 2
948 2
949 1
950 1
951 1
952 2
953 1
954 1
955 1
956 1
957 1
958 1
959 1
960 2
961 1
962 1
963 1
964 2
965 1
966 1
967 1
968 1
969 1
970 1
971 1
972 1
973 2
974 1
975 1
976 1
977 1
978 1
979 2
980 1
981 1
982 1
983 1
984 1
985 2
986 1
987 1
988 1
989 2
990 1
991 2
992 1
993 1
994 1
995 1
996 1
997 1
998 1
999 1
1000 1
1001 1
1002 1
1003 1
1004 1
1005 1
1006 1
1007 1
1008 1
1009 1
1010 1
1011 1
1012 1
1013 1
1014 1
1015 2
1016 1
1017 1
1018 2
1019 1
1020 1
1021 1
1022 1
1023 1
1024 1
1025 1
1026 1
1027 2
1028 1
1029 1
1030 1
1031 2
1032 1
1033 1
1034 1
1035 1
1036 1
1037 1
1038 1
1039 1
1040 1
1041 1
1042 2
1043 1
1044 1
1045 2
1046 1
1047 1
1048 1
1049 1
1050 1
1051 2
1052 1
1053 1
1054 1
1055 1
1056 1
1057 1
1058 1
1059 1
1060 1
1061 1
1062 1
1063 1
1064 1
1065 1
1066 2
1067 2
1068 1
1069 1
1070 1
1071 2
1072 2
1073 1
1074 1
1075 1
1076 1
1077 1
1078 1
1079 2
1080 1
1081 1
1082 1
1083 2
1084 2
1085 2
1086 2
1087 1
1088 1
1089 1
1090 1
1091 1
1092 1
1093 2
1094 1
1095 1
1096 1
1097 1
1098 1
1099 1
1100 1
1101 2
1102 1
1103 1
1104 1
1105 1
1106 2
1107 1
1108 1
1109 2
1110 1
1111 1
1112 1
1113 1
1114 2
1115 1
1116 1
1117 1
1118 1
1119 1
1120 2
1121 1
1122 1
1123 1
1124 1
1125 1
1126 1
1127 1
1128 1
1129 1
1130 1
1131 1
1132 1
1133 1
1134 1
1135 1
1136 1
1137 1
1138 1
1139 1
1140 1
1141 1
1142 1
1143 1
1144 1
1145 1
1146 1
1147 1
1148 1
1149 1
1150 1
1151 2
1152 1
1153 1
1154 1
1155 1
1156 1
1157 1
1158 1
1159 1
1160 1
1161 1
1162 1
1163 1
1164 1
1165 1
1166 1
1167 2
1168 1
1169 1
1170 1
1171 1
1172 2
1173 2
1174 1
1175 2
1176 1
1177 2
1178 2
1179 1
1180 1
1181 1
1182 1
1183 1
1184 1
1185 1
1186 2
1187 1
1188 1
1189 1
1190 1
1191 1
1192 1
1193 1
1194 1
1195 1
1196 1
1197 2
1198 1
1199 1
1200 2
1201 1
1202 1
1203 1
1204 1
1205 1
1206 1
1207 1
1208 1
1209 1
1210 1
1211 1
1212 2
1213 2
1214 2
1215 2
1216 1
1217 1
1218 1
1219 1
1220 1
1221 1
1222 1
1223 1
1224 1
1225 1
1226 2
1227 1
1228 1
1229 1
1230 1
1231 1
1232 1
1233 1
1234 1
1235 2
1236 1
1237 1
1238 1
1239 1
1240 1
1241 1
1242 1
1243 2
1244 1
1245 2
1246 1
1247 1
1248 1
1249 2
1250 1
1251 2
1252 2
1253 1
1254 1
1255 1
1256 1
1257 1
1258 1
1259 1
1260 1
1261 1
1262 1
1263 1
1264 2
1265 1
1266 2
1267 1
1268 2
1269 1
1270 1
1271 1
1272 1
1273 2
1274 2
1275 1
1276 1
1277 1
1278 1
1279 1
1280 1
1281 1
1282 1
1283 1
1284 1
1285 1
1286 1
1287 1
1288 1
1289 1
1290 1
1291 2
1292 2
1293 1
1294 1
1295 1
1296 1
1297 1
1298 2
1299 1
1300 1
1301 1
1302 1
1303 2
1304 1
1305 1
1306 1
1307 1
1308 2
1309 1
1310 1
1311 2
1312 1
1313 1
1314 1
1315 2
1316 1
1317 1
1318 1
1319 2
1320 1
1321 2
1322 1
1323 2
1324 1
1325 1
1326 1
1327 2
1328 1
1329 1
1330 1
1331 1
1332 1
1333 2
1334 2
1335 2
1336 1
1337 2
1338 2
1339 1
1340 2
1341 1
1342 2
1343 2
1344 1
1345 2
1346 1
1347 2
1348 2
1349 2
1350 2
1351 1
1352 1
1353 1
1354 1
1355 1
1356 1
1357 2
1358 1
1359 1
1360 1
1361 2
1362 1
1363 1
1364 1
1365 1
1366 1
1367 1
1368 1
1369 1
1370 1
1371 2
1372 2
1373 1
1374 2
1375 1
1376 1
1377 1
1378 2
1379 1
1380 2
1381 2
1382 2
1383 2
1384 1
1385 2
1386 2
1387 1
1388 2
1389 1
1390 1
1391 2
1392 1
1393 1
1394 1
1395 1
1396 2
1397 1
1398 1
1399 1
1400 1
1401 1
1402 1
1403 2
1404 2
1405 2
1406 1
1407 1
1408 1
1409 1
1410 1
1411 1
1412 1
1413 2
1414 2
1415 1
1416 1
1417 2
1418 2
1419 1
1420 1
1421 1
1422 1
1423 1
1424 2
1425 2
1426 1
1427 1
1428 1
1429 1
1430 1
1431 1
1432 2
1433 2
1434 1
1435 2
1436 1
1437 2
1438 2
1439 1
1440 1
1441 2
1442 1
1443 1
1444 2
1445 2
1446 1
1447 1
1448 1
1449 1
1450 1
1451 2
1452 1
1453 1
1454 1
1455 2
1456 1
1457 1
1458 1
1459 1
1460 1
1461 1
1462 2
1463 1
1464 1
1465 1
1466 2
1467 2
1468 1
1469 1
1470 1
1471 1
1472 2
1473 1
1474 2
1475 1
1476 1
1477 1
1478 1
1479 2
1480 1
1481 1
1482 2
1483 1
1484 1
1485 1
1486 1
1487 1
1488 1
1489 1
1490 1
1491 1
1492 2
1493 1
1494 1
1495 1
1496 1
1497 1
1498 2
1499 2
1500 1
1501 1
1502 2
1503 1
1504 2
1505 1
1506 2
1507 1
1508 1
1509 2
1510 1
1511 1
1512 1
1513 1
1514 1
1515 1
1516 1
1517 1
1518 1
1519 2
1520 1
1521 2
1522 1
1523 2
1524 1
1525 2
1526 1
1527 1
1528 1
1529 1
1530 1
1531 1
1532 2
1533 1
1534 2
1535 2
1536 2
1537 1
1538 1
1539 1
1540 1
1541 1
1542 2
1543 1
1544 2
1545 1
1546 1
1547 2
1548 1
1549 2
1550 2
1551 1
1552 1
1553 1
1554 2
1555 1
1556 2
1557 2
1558 1
1559 1
1560 1
1561 1
1562 1
1563 2
1564 1
1565 1
1566 1
1567 1
1568 1
1569 1
1570 1
1571 2
1572 1
1573 1
1574 1
1575 1
1576 1
1577 2
1578 2
1579 1
1580 1
1581 1
1582 1
1583 1
1584 2
1585 1
1586 1
1587 1
1588 2
1589 1
1590 1
1591 1
1592 2
1593 1
1594 1
1595 1
1596 1
1597 1
1598 1
1599 1
1600 1
1601 1
1602 1
1603 1
1604 1
1605 1
1606 1
1607 1
1608 1
1609 2
1610 1
1611 1
1612 1
1613 1
1614 1
1615 1
1616 1
1617 1
1618 2
1619 1
1620 1
1621 1
1622 1
1623 1
1624 1
1625 2
1626 1
1627 1
1628 1
1629 1
1630 1
1631 1
1632 1
1633 1
1634 2
1635 1
1636 2
1637 1
1638 1
1639 1
1640 1
1641 1
1642 1
1643 1
1644 1
1645 1
1646 1
1647 1
1648 1
1649 2
1650 1
1651 1
1652 1
1653 1
1654 1
1655 1
1656 1
1657 1
1658 1
1659 1
1660 1
1661 1
1662 2
1663 2
1664 1
1665 1
1666 2
1667 1
1668 1
1669 2
1670 1
1671 1
1672 2
1673 1
1674 1
1675 1
1676 2
1677 1
1678 1
1679 2
1680 1
1681 1
1682 2
1683 1
1684 1
1685 1
1686 1
1687 1
1688 2
1689 1
1690 1
1691 1
1692 1
1693 1
1694 1
1695 2
1696 1
1697 1
1698 1
1699 1
1700 1
1701 1
1702 1
1703 2
1704 1
1705 2
1706 1
1707 1
1708 1
1709 1
1710 1
1711 1
1712 1
1713 1
1714 1
1715 2
1716 1
1717 1
1718 2
1719 1
1720 1
1721 1
1722 1
1723 1
1724 1
1725 2
1726 1
1727 1
1728 1
1729 1
1730 1
1731 1
1732 2
1733 1
1734 2
1735 1
1736 1
1737 1
1738 1
1739 1
1740 1
1741 1
1742 1
1743 1
1744 1
1745 2
1746 2
1747 1
1748 1
1749 1
1750 1
1751 1
1752 2
1753 1
1754 2
1755 2
1756 2
1757 1
1758 2
1759 1
1760 1
1761 1
1762 1
1763 1
1764 1
1765 2
1766 1
1767 1
1768 2
1769 2
1770 1
1771 2
1772 1
1773 2
1774 2
1775 1
1776 1
1777 2
1778 1
1779 1
1780 1
1781 1
1782 1
1783 1
1784 1
1785 2
1786 1
1787 1
1788 1
1789 1
1790 1
1791 1
1792 1
1793 1
1794 2
1795 1
1796 2
1797 2
1798 1
1799 1
1800 1
1801 1
1802 1
1803 1
1804 1
1805 1
1806 1
1807 2
1808 2
1809 1
1810 1
1811 2
1812 2
1813 1
1814 2
1815 1
1816 1
1817 2
1818 1
1819 1
1820 1
1821 1
1822 1
1823 1
1824 1
1825 1
1826 1
1827 1
1828 1
1829 1
1830 1
1831 1
1832 2
1833 1
1834 1
1835 2
1836 2
1837 1
1838 1
1839 1
1840 1
1841 2
1842 2
1843 2
1844 2
1845 1
1846 1
1847 2
1848 1
1849 2
1850 2
1851 1
1852 1
1853 1
1854 2
1855 1
1856 1
1857 1
1858 1
1859 1
1860 1
1861 1
1862 2
1863 1
1864 1
1865 1
1866 2
1867 1
1868 1
1869 1
1870 1
1871 1
1872 1
1873 1
1874 1
1875 1
1876 1
1877 1
1878 1
1879 1
1880 1
1881 1
1882 2
1883 1
1884 1
1885 1
1886 1
1887 1
1888 1
1889 2
1890 2
1891 2
1892 2
1893 1
1894 1
1895 1
1896 2
1897 1
1898 1
1899 1
1900 1
1901 1
1902 1
1903 2
1904 1
1905 1
1906 2
1907 1
1908 1
1909 1
1910 1
1911 2
1912 1
1913 1
1914 1
1915 2
1916 2
1917 1
1918 1
1919 1
1920 1
1921 1
1922 1
1923 1
1924 1
1925 2
1926 1
1927 1
1928 1
1929 1
1930 1
1931 1
1932 2
1933 2
1934 1
1935 2
1936 1
1937 2
1938 1
1939 1
1940 1
1941 1
1942 1
1943 2
1944 1
1945 2
1946 1
1947 2
1948 1
1949 1
1950 1
1951 1
1952 1
1953 1
1954 1
1955 1
1956 1
1957 1
1958 2
1959 1
1960 1
1961 1
1962 1
1963 1
1964 2
1965 1
1966 1
1967 1
1968 2
1969 1
1970 1
1971 1
1972 1
1973 1
1974 1
1975 1
1976 2
1977 1
1978 1
1979 2
1980 1
1981 1
1982 2
1983 1
1984 1
1985 1
1986 1
1987 1
1988 1
1989 1
1990 1
1991 1
1992 2
1993 1
1994 1
1995 2
1996 2
1997 1
1998 1
1999 1
2000 1
2001 1
2002 1
2003 1
2004 1
2005 1
2006 1
2007 1
2008 1
2009 2
2010 1
2011 2
2012 1
2013 1
2014 1
2015 1
2016 1
2017 1
2018 1
2019 2
2020 2
2021 1
2022 1
2023 1
2024 1
2025 1
2026 1
2027 1
2028 1
2029 1
2030 2
2031 1
2032 1
2033 1
2034 2
2035 1
2036 1
2037 2
2038 1
2039 1
2040 1
2041 1
2042 1
2043 1
2044 2
2045 1
2046 1
2047 1
2048 1
2049 1
2050 1
2051 2
2052 1
2053 2
2054 1
2055 1
2056 1
2057 1
2058 1
2059 1
2060 1
2061 1
2062 1
2063 1
2064 1
2065 1
2066 1
2067 1
2068 2
2069 1
2070 1
2071 1
2072 1
2073 1
2074 1
2075 1
2076 1
2077 1
2078 1
2079 1
2080 1
2081 2
2082 1
2083 2
2084 2
2085 1
2086 2
2087 1
2088 2
2089 1
2090 2
2091 2
2092 1
2093 1
2094 1
2095 1
2096 1
2097 1
2098 1
2099 1
2100 2
2101 1
2102 1
2103 2
2104 1
2105 1
2106 1
2107 1
2108 2
2109 2
2110 1
2111 2
2112 2
2113 1
2114 1
2115 1
2116 2
2117 1
2118 1
2119 2
2120 1
2121 1
2122 1
2123 2
2124 1
2125 1
2126 1
2127 2
2128 1
2129 2
2130 1
2131 1
2132 2
2133 1
2134 1
2135 1
2136 1
2137 1
2138 1
2139 2
2140 1
2141 2
2142 1
2143 2
2144 1
2145 2
2146 1
2147 1
2148 1
2149 1
2150 1
2151 1
2152 2
2153 2
2154 1
2155 1
2156 1
2157 1
2158 1
2159 1
2160 2
2161 1
2162 1
2163 1
2164 2
2165 1
2166 1
2167 1
2168 2
2169 1
2170 1
2171 2
2172 2
2173 2
2174 1
2175 2
2176 1
2177 1
2178 2
2179 1
2180 1
2181 1
2182 1
2183 1
2184 1
2185 1
2186 2
2187 1
2188 1
2189 1
2190 1
2191 1
2192 2
2193 2
2194 1
2195 1
2196 2
2197 2
2198 1
2199 2
2200 1
2201 2
2202 2
2203 2
2204 1
2205 1
2206 1
2207 1
2208 1
2209 1
2210 2
2211 1
2212 1
2213 1
2214 1
2215 1
2216 2
2217 2
2218 1
2219 2
2220 1
2221 1
2222 1
2223 1
2224 1
2225 2
2226 1
2227 1
2228 2
2229 1
2230 1
2231 2
2232 1
2233 2
2234 1
2235 2
2236 1
2237 1
2238 1
2239 1
2240 1
2241 1
2242 1
2243 2
2244 2
2245 1
2246 1
2247 1
2248 1
2249 1
2250 1
2251 1
2252 1
2253 1
2254 1
2255 1
2256 1
2257 2
2258 1
2259 1
2260 1
2261 2
2262 2
2263 1
2264 1
2265 1
2266 2
2267 1
2268 1
2269 1
2270 1
2271 2
2272 1
2273 2
2274 1
2275 1
2276 1
2277 1
2278 1
2279 1
2280 1
2281 1
2282 1
2283 1
2284 2
2285 1
2286 1
2287 1
2288 1
2289 1
2290 2
2291 2
2292 1
2293 2
2294 1
2295 2
2296 2
2297 1
2298 1
2299 1
2300 1
2301 1
2302 1
2303 1
2304 1
2305 2
2306 1
2307 2
2308 1
2309 1
2310 1
2311 1
2312 2
2313 1
2314 1
2315 1
2316 1
2317 1
2318 1
2319 1
2320 1
2321 1
2322 2
2323 2
2324 1
2325 1
2326 2
2327 1
2328 2
2329 1
2330 2
2331 1
2332 2
2333 2
2334 1
2335 2
2336 2
2337 1
2338 1
2339 2
2340 1
2341 1
2342 1
2343 2
2344 2
2345 1
2346 2
2347 1
2348 1
2349 2
2350 1
2351 2
2352 1
2353 2
2354 1
2355 2
2356 1
2357 1
2358 1
2359 1
2360 2
2361 1
2362 1
2363 1
2364 1
2365 1
2366 1
2367 1
2368 1
2369 1
2370 1
2371 1
2372 1
2373 1
2374 1
2375 1
2376 1
2377 2
2378 1
2379 1
2380 2
2381 1
2382 1
2383 2
2384 2
2385 1
2386 1
2387 2
2388 2
2389 1
2390 2
2391 1
2392 1
2393 2
2394 1
2395 1
2396 2
2397 1
2398 1
2399 1
2400 1
2401 1
2402 1
2403 2
2404 1
2405 1
2406 2
2407 1
2408 1
2409 1
2410 1
2411 1
2412 1
2413 1
2414 1
2415 2
2416 2
2417 1
2418 1
2419 1
2420 1
2421 2
2422 1
2423 2
2424 1
2425 1
2426 1
2427 1
2428 1
2429 1
2430 1
2431 1
2432 2
2433 1
2434 2
2435 1
2436 2
2437 1
2438 1
2439 2
2440 1
2441 2
2442 1
2443 2
2444 1
2445 1
2446 1
2447 2
2448 1
2449 1
2450 2
2451 2
2452 1
2453 2
2454 1
2455 1
2456 1
2457 1
2458 2
2459 1
2460 1
2461 2
2462 2
2463 1
2464 1
2465 2
2466 2
2467 1
2468 1
2469 1
2470 1
2471 1
2472 1
2473 1
2474 1
2475 1
2476 1
2477 2
2478 2
2479 1
2480 1
2481 1
2482 1
2483 1
2484 2
2485 1
2486 2
2487 1
2488 1
2489 2
2490 1
2491 1
2492 1
2493 2
2494 1
2495 1
2496 2
2497 1
2498 1
2499 1
2500 1
2501 2
2502 1
2503 2
2504 2
2505 1
2506 2
2507 2
2508 1
2509 1
2510 2
2511 1
2512 1
2513 1
2514 2
2515 1
2516 1
2517 1
2518 1
2519 2
2520 1
2521 1
2522 2
2523 2
2524 1
2525 1
2526 1
2527 1
2528 2
2529 2
2530 1
2531 2
2532 2
2533 1
2534 1
2535 1
2536 2
2537 1
2538 1
2539 1
2540 2
2541 1
2542 2
2543 1
2544 1
2545 1
2546 2
2547 1
2548 2
2549 1
2550 1
2551 2
2552 1
2553 2
2554 2
2555 2
2556 1
2557 1
2558 1
2559 1
2560 2
2561 2
2562 1
2563 1
2564 2
2565 2
2566 1
2567 1
2568 1
2569 2
2570 1
2571 1
2572 2
2573 1
2574 1
2575 1
2576 2
2577 2
2578 1
2579 1
2580 1
2581 1
2582 1
2583 2
2584 2
2585 1
2586 2
2587 1
2588 2
2589 2
2590 1
2591 1
2592 1
2593 1
2594 1
2595 1
2596 1
2597 1
2598 1
2599 1
2600 1
2601 2
2602 2
2603 1
2604 1
2605 2
2606 1
2607 2
2608 2
2609 2
2610 1
2611 1
2612 1
2613 2
2614 1
2615 1
2616 1
2617 1
2618 1
2619 2
2620 2
2621 2
2622 1
2623 2
2624 2
2625 2
2626 1
2627 1
2628 1
2629 1
2630 1
2631 2
2632 1
2633 2
2634 1
2635 1
2636 1
2637 1
2638 1
2639 1
2640 1
2641 1
2642 1
2643 1
2644 2
2645 2
2646 1
2647 1
2648 1
2649 1
2650 1
2651 2
2652 1
2653 1
2654 1
2655 1
2656 1
2657 1
2658 1
2659 1
2660 1
2661 1
2662 2
2663 1
2664 1
2665 1
2666 2
2667 1
2668 1
2669 1
2670 2
2671 1
2672 2
2673 2
2674 2
2675 2
2676 1
2677 2
2678 1
2679 1
2680 1
2681 2
2682 1
2683 2
2684 1
2685 2
2686 2
2687 2
2688 1
2689 2
2690 1
2691 1
2692 1
2693 1
2694 1
2695 1
2696 2
2697 2
2698 1
2699 2
2700 1
2701 1
2702 2
2703 1
2704 2
2705 1
2706 1
2707 1
2708 1
2709 1
2710 1
2711 1
2712 2
2713 1
2714 2
2715 1
2716 2
2717 1
2718 2
2719 1
2720 2
2721 2
2722 2
2723 2
2724 1
2725 1
2726 1
2727 2
2728 1
2729 1
2730 1
2731 1
2732 1
2733 1
2734 1
2735 1
2736 1
2737 1
2738 2
2739 2
2740 2
2741 1
2742 2
2743 2
2744 1
2745 1
2746 1
2747 2
2748 1
2749 1
2750 2
2751 1
2752 1
2753 2
2754 2
2755 2
2756 1
2757 1
2758 1
2759 1
2760 2
2761 1
2762 1
2763 1
2764 2
2765 2
2766 1
2767 2
2768 1
2769 2
2770 1
2771 2
2772 1
2773 2
2774 1
2775 2
2776 1
2777 1
2778 1
2779 1
2780 1
2781 1
2782 2
2783 1
2784 1
2785 1
2786 2
2787 2
2788 1
2789 1
2790 1
2791 1
2792 1
2793 2
2794 1
2795 1
2796 1
2797 1
2798 1
2799 2
2800 2
2801 1
2802 2
2803 2
2804 2
2805 1
2806 2
2807 1
2808 2
2809 1
2810 1
2811 1
2812 1
2813 1
2814 2
2815 1
2816 1
2817 1
2818 1
2819 1
2820 2
2821 1
2822 2
2823 1
2824 1
2825 1
2826 2
2827 2
2828 2
2829 1
2830 1
2831 2
2832 2
2833 1
2834 1
2835 2
2836 1
2837 1
2838 2
2839 1
2840 1
2841 1
2842 2
2843 2
2844 2
2845 1
2846 2
2847 1
2848 1
2849 2
2850 2
2851 1
2852 1
2853 2
2854 1
2855 1
2856 1
2857 1
2858 1
2859 1
2860 1
2861 2
2862 1
2863 1
2864 1
2865 1
2866 2
2867 2
2868 2
2869 1
2870 1
2871 1
2872 1
2873 2
2874 1
2875 1
2876 1
2877 1
2878 1
2879 2
2880 1
2881 1
2882 2
2883 2
2884 1
2885 1
2886 2
2887 1
2888 1
2889 2
2890 2
2891 1
2892 2
2893 1
2894 2
2895 1
2896 1
2897 2
2898 2
2899 1
2900 1
2901 1
2902 1
2903 1
2904 1
2905 1
2906 1
2907 1
2908 1
2909 1
2910 1
2911 1
2912 1
2913 1
2914 1
2915 2
2916 2
2917 1
2918 1
2919 2
2920 1
2921 1
2922 1
2923 2
2924 2
2925 1
2926 1
2927 1
2928 1
2929 1
2930 1
2931 2
2932 2
2933 1
2934 1
2935 2
2936 1
2937 1
2938 2
2939 1
2940 2
2941 1
2942 2
2943 2
2944 1
2945 1
2946 1
2947 1
2948 2
2949 1
2950 2
2951 1
2952 1
2953 2
2954 1
2955 1
2956 1
2957 2
2958 1
2959 1
2960 1
2961 2
2962 1
2963 1
2964 2
2965 1
2966 1
2967 2
2968 1
2969 1
2970 2
2971 1
2972 2
2973 2
2974 1
2975 1
2976 1
2977 1
2978 2
2979 2
2980 1
2981 1
2982 2
2983 1
2984 1
2985 2
2986 1
2987 1
2988 2
2989 2
2990 1
2991 2
2992 2
2993 1
2994 1
2995 2
2996 2
2997 1
2998 2
2999 1
3000 1
3001 2
3002 1
3003 2
3004 2
3005 1
3006 1
3007 1
3008 1
3009 1
3010 1
3011 2
3012 1
3013 1
3014 1
3015 1
3016 1
3017 1
3018 1
3019 1
3020 2
3021 2
3022 2
3023 1
3024 1
3025 1
3026 1
3027 1
3028 1
3029 2
3030 1
3031 2
3032 1
3033 2
3034 2
3035 2
3036 2
3037 1
3038 1
3039 1
3040 1
3041 1
3042 2
3043 1
3044 1
3045 2
3046 2
3047 1
3048 2
3049 2
3050 2
3051 1
3052 1
3053 1
3054 1
3055 2
3056 1
3057 1
3058 1
3059 2
3060 1
3061 1
3062 2
3063 2
3064 1
3065 1
3066 2
3067 2
3068 2
3069 1
3070 1
3071 1
3072 2
3073 1
3074 1
3075 1
3076 1
3077 1
3078 2
3079 1
3080 1
3081 1
3082 1
3083 2
3084 1
3085 1
3086 1
3087 1
3088 1
3089 2
3090 1
3091 2
3092 2
3093 2
3094 2
3095 1
3096 1
3097 1
3098 2
3099 2
3100 1
3101 1
3102 2
3103 2
3104 2
3105 1
3106 2
3107 2
3108 1
3109 2
3110 1
3111 2
3112 2
3113 1
3114 1
3115 1
3116 1
3117 2
3118 2
3119 1
3120 1
3121 1
3122 1
3123 1
3124 1
3125 2
3126 2
3127 1
3128 2
3129 1
3130 2
3131 1
3132 1
3133 1
3134 1
3135 1
3136 2
3137 1
3138 1
3139 2
3140 1
3141 2
3142 2
3143 2
3144 2
3145 1
3146 2
3147 1
3148 1
3149 2
3150 2
3151 1
3152 2
3153 2
3154 1
3155 1
3156 1
3157 1
3158 1
3159 2
3160 1
3161 1
3162 2
3163 2
3164 2
3165 1
3166 1
3167 2
3168 2
3169 1
3170 1
3171 2
3172 2
3173 1
3174 1
3175 2
3176 1
3177 2
3178 1
3179 2
3180 2
3181 1
3182 1
3183 1
3184 1
3185 2
3186 1
3187 1
3188 1
3189 2
3190 2
3191 2
3192 1
3193 1
3194 2
3195 2
3196 1
3197 2
3198 2
3199 1
3200 1
3201 2
3202 1
3203 2
3204 1
3205 1
3206 1
3207 2
3208 1
3209 2
3210 1
3211 1
3212 1
3213 1
3214 1
3215 2
3216 2
3217 2
3218 1
3219 2
3220 2
3221 1
3222 1
3223 2
3224 2
3225 2
3226 1
3227 1
3228 2
3229 1
3230 1
3231 2
3232 2
3233 1
3234 1
3235 2
3236 2
3237 2
3238 1
3239 1
3240 2
3241 2
3242 1
3243 1
3244 2
3245 2
3246 2
3247 2
3248 2
3249 1
3250 1
3251 2
3252 1
3253 2
3254 1
3255 2
3256 1
3257 1
3258 1
3259 2
3260 2
3261 2
3262 2
3263 2
3264 1
3265 2
3266 1
3267 1
3268 1
3269 1
3270 1
3271 1
3272 2
3273 2
3274 1
3275 1
3276 2
3277 1
3278 1
3279 1
3280 2
3281 1
3282 1
3283 1
3284 1
3285 2
3286 2
3287 1
3288 1
3289 1
3290 1
3291 1
3292 2
3293 1
3294 1
3295 1
3296 1
3297 1
3298 2
3299 1
3300 1
3301 1
3302 1
3303 2
3304 1
3305 1
3306 1
3307 1
3308 1
3309 2
3310 1
3311 1
3312 1
3313 2
3314 1
3315 2
3316 1
3317 1
3318 1
3319 2
3320 1
3321 1
3322 2
3323 1
3324 2
3325 2
3326 2
3327 2
3328 1
3329 2
3330 1
3331 1
3332 1
3333 2
3334 1
3335 1
3336 2
3337 2
3338 1
3339 1
3340 1
3341 2
3342 2
3343 1
3344 1
3345 1
3346 2
3347 2
3348 2
3349 2
3350 2
3351 2
3352 1
3353 1
3354 2
3355 2
3356 2
3357 1
3358 1
3359 2
3360 2
3361 1
3362 2
3363 1
3364 1
3365 1
3366 1
3367 2
3368 1
3369 1
3370 2
3371 1
3372 2
3373 1
3374 1
3375 2
3376 1
3377 2
3378 2
3379 1
3380 2
3381 2
3382 2
3383 1
3384 2
3385 1
3386 2
3387 2
3388 2
3389 2
3390 1
3391 1
3392 2
3393 1
3394 1
3395 2
3396 1
3397 1
3398 2
3399 1
3400 1
3401 1
3402 2
3403 2
3404 2
3405 2
3406 1
3407 1
3408 2
3409 2
3410 1
3411 1
3412 1
3413 2
3414 2
3415 1
3416 1
3417 2
3418 2
3419 1
3420 1
3421 1
3422 2
3423 1
3424 1
3425 1
3426 2
3427 1
3428 1
3429 1
3430 2
3431 1
3432 1
3433 1
3434 2
3435 1
3436 1
3437 2
3438 2
3439 2
3440 1
3441 2
3442 1
3443 1
3444 1
3445 1
3446 1
3447 2
3448 1
3449 1
3450 2
3451 2
3452 1
3453 2
3454 1
3455 2
3456 2
3457 1
3458 1
3459 1
3460 2
3461 2
3462 1
3463 1
3464 2
3465 1
3466 1
3467 1
3468 1
3469 1
3470 1
3471 1
3472 2
3473 1
3474 1
3475 1
3476 1
3477 1
3478 1
3479 2
3480 1
3481 2
3482 1
3483 1
3484 2
3485 1
3486 1
3487 2
3488 1
3489 1
3490 1
3491 1
3492 2
3493 1
3494 1
3495 1
3496 1
3497 2
3498 1
3499 1
3500 2
3501 1
3502 2
3503 1
3504 2
3505 1
3506 1
3507 1
3508 1
3509 1
3510 1
3511 1
3512 2
3513 1
3514 2
3515 1
3516 1
3517 1
3518 2
3519 1
3520 1
3521 1
3522 1
3523 1
3524 1
3525 1
3526 2
3527 2
3528 1
3529 2
3530 2
3531 2
3532 1
3533 2
3534 2
3535 1
3536 2
3537 1
3538 2
3539 1
3540 2
3541 1
3542 2
3543 2
3544 1
3545 2
3546 2
3547 2
3548 1
3549 1
3550 2
3551 1
3552 1
3553 1
3554 2
3555 2
3556 2
3557 1
3558 2
3559 1
3560 1
3561 1
3562 1
3563 2
3564 1
3565 1
3566 1
3567 1
3568 2
3569 1
3570 2
3571 2
3572 2
3573 1
3574 2
3575 2
3576 2
3577 1
3578 1
3579 2
3580 2
3581 2
3582 1
3583 2
3584 1
3585 1
3586 2
3587 1
3588 1
3589 2
3590 1
3591 1
3592 1
3593 2
3594 2
3595 1
3596 1
3597 1
3598 1
3599 2
3600 2
3601 1
3602 2
3603 1
3604 1
3605 2
3606 2
3607 1
3608 1
3609 2
3610 1
3611 2
3612 1
3613 2
3614 2
3615 1
3616 1
3617 2
3618 2
3619 1
3620 2
3621 1
3622 2
3623 2
3624 1
3625 1
3626 2
3627 1
3628 1
3629 1
3630 2
3631 2
3632 1
3633 1
3634 1
3635 2
3636 2
3637 1
3638 1
3639 2
3640 1
3641 1
3642 1
3643 1
3644 2
3645 1
3646 2
3647 1
3648 1
3649 2
3650 2
3651 1
3652 1
3653 1
3654 2
3655 2
3656 2
3657 2
3658 1
3659 1
3660 2
3661 1
3662 2
3663 2
3664 1
3665 1
3666 1
3667 1
3668 1
3669 1
3670 1
3671 1
3672 1
3673 1
3674 2
3675 2
3676 1
3677 1
3678 1
3679 1
3680 1
3681 2
3682 1
3683 1
3684 1
3685 2
3686 1
3687 2
3688 1
3689 1
3690 1
3691 2
3692 1
3693 1
3694 1
3695 2
3696 1
3697 1
3698 2
3699 2
3700 2
3701 1
3702 1
3703 2
3704 2
3705 1
3706 1
3707 1
3708 1
3709 2
3710 1
3711 2
3712 2
3713 2
3714 1
3715 1
3716 1
3717 2
3718 1
3719 2
3720 1
3721 2
3722 1
3723 1
3724 1
3725 1
3726 1
3727 2
3728 1
3729 1
3730 2
3731 2
3732 1
3733 2
3734 1
3735 1
3736 1
3737 1
3738 1
3739 1
3740 2
3741 1
3742 2
3743 1
3744 1
3745 1
3746 2
3747 1
3748 1
3749 2
3750 2
3751 2
3752 1
3753 2
3754 2
3755 1
3756 1
3757 1
3758 1
3759 1
3760 1
3761 1
3762 1
3763 1
3764 1
3765 2
3766 2
3767 1
3768 1
3769 1
3770 2
3771 1
3772 2
3773 1
3774 2
3775 2
3776 2
3777 1
3778 1
3779 1
3780 2
3781 1
3782 2
3783 2
3784 1
3785 1
3786 2
3787 1
3788 2
3789 1
3790 1
3791 1
3792 1
3793 2
3794 1
3795 1
3796 1
3797 1
3798 1
3799 1
3800 1
3801 2
3802 2
3803 1
3804 2
3805 2
3806 1
3807 1
3808 1
3809 1
3810 1
3811 2
3812 2
3813 1
3814 1
3815 1
3816 2
3817 2
3818 1
3819 2
3820 1
3821 1
3822 1
3823 1
3824 1
3825 2
3826 2
3827 2
3828 1
3829 1
3830 1
3831 2
3832 2
3833 2
3834 1
3835 2
3836 2
3837 1
3838 2
3839 2
3840 1
3841 2
3842 2
3843 2
3844 1
3845 1
3846 1
3847 2
3848 1
3849 1
3850 1
3851 2
3852 1
3853 1
3854 2
3855 2
3856 2
3857 1
3858 1
3859 2
3860 2
3861 2
3862 1
3863 2
3864 1
3865 1
3866 2
3867 1
3868 1
3869 2
3870 1
3871 2
3872 1
3873 2
3874 1
3875 2
3876 2
3877 1
3878 2
3879 2
3880 2
3881 2
3882 2
3883 1
3884 1
3885 1
3886 1
3887 2
3888 1
3889 1
3890 1
3891 2
3892 1
3893 2
3894 2
3895 1
3896 1
3897 1
3898 2
3899 2
3900 2
3901 2
3902 1
3903 2
3904 1
3905 2
3906 2
3907 2
3908 1
3909 1
3910 2
3911 1
3912 2
3913 1
3914 2
3915 2
3916 2
3917 2
3918 2
3919 2
3920 2
3921 1
3922 1
3923 2
3924 2
3925 2
3926 1
3927 2
3928 1
3929 2
3930 1
3931 1
3932 1
3933 1
3934 2
3935 2
3936 1
3937 1
3938 1
3939 2
3940 1
3941 2
3942 1
3943 2
3944 1
3945 1
3946 1
3947 2
3948 2
3949 1
3950 1
3951 2
3952 2
3953 1
3954 1
3955 1
3956 2
3957 2
3958 1
3959 2
3960 1
3961 1
3962 1
3963 1
3964 2
3965 1
3966 1
3967 2
3968 1
3969 1
3970 2
3971 2
3972 2
3973 1
3974 1
3975 2
3976 1
3977 2
3978 2
3979 1
3980 2
3981 1
3982 1
3983 1
3984 1
3985 2
3986 2
3987 1
3988 2
3989 2
3990 2
3991 2
3992 2
3993 2
3994 1
3995 1
3996 1
3997 2
3998 1
3999 1
4000 1
4001 2
4002 2
4003 1
4004 2
4005 2
4006 1
4007 2
4008 2
4009 1
4010 1
4011 1
4012 2
4013 2
4014 1
4015 1
4016 2
4017 1
4018 1
4019 2
4020 2
4021 1
4022 1
4023 1
4024 2
4025 1
4026 1
4027 2
4028 1
4029 2
4030 1
4031 1
4032 1
4033 2
4034 1
4035 2
4036 1
4037 1
4038 1
4039 2
4040 1
4041 2
4042 1
4043 2
4044 1
4045 1
4046 2
4047 1
4048 2
4049 1
4050 1
4051 2
4052 2
4053 2
4054 1
4055 2
4056 2
4057 1
4058 1
4059 2
4060 1
4061 2
4062 1
4063 2
4064 2
4065 2
4066 1
4067 2
4068 1
4069 1
4070 2
4071 2
4072 1
4073 2
4074 2
4075 2
4076 2
4077 1
4078 2
4079 2
4080 2
4081 2
4082 1
4083 1
4084 1
4085 1
4086 1
4087 1
4088 2
4089 1
4090 1
4091 1
4092 1
4093 2
4094 2
4095 1
4096 1
4097 1
4098 2
4099 2
4100 1
4101 1
4102 1
4103 2
4104 1
4105 2
4106 1
4107 1
4108 2
4109 1
4110 1
4111 2
4112 2
4113 1
4114 2
4115 2
4116 1
4117 1
4118 1
4119 1
4120 1
4121 2
4122 1
4123 1
4124 1
4125 1
4126 1
4127 1
4128 2
4129 1
4130 1
4131 1
4132 2
4133 2
4134 1
4135 1
4136 1
4137 2
4138 2
4139 1
4140 1
4141 1
4142 2
4143 1
4144 1
4145 1
4146 1
4147 1
4148 1
4149 2
4150 2
4151 1
4152 2
4153 2
4154 1
4155 2
4156 1
4157 2
4158 2
4159 1
4160 2
4161 1
4162 2
4163 2
4164 2
4165 2
4166 1
4167 2
4168 2
4169 1
4170 1
4171 1
4172 2
4173 1
4174 1
4175 2
4176 2
4177 1
4178 1
4179 2
4180 1
4181 2
4182 1
4183 2
4184 2
4185 2
4186 2
4187 1
4188 2
4189 2
4190 1
4191 1
4192 1
4193 2
4194 2
4195 2
4196 2
4197 2
4198 1
4199 1
4200 1
4201 2
4202 1
4203 2
4204 2
4205 1
4206 2
4207 2
4208 1
4209 2
4210 2
4211 2
4212 1
4213 1
4214 2
4215 1
4216 1
4217 2
4218 2
4219 1
4220 2
4221 2
4222 2
4223 1
4224 1
4225 2
4226 1
4227 1
4228 2
4229 2
4230 2
4231 2
4232 2
4233 2
4234 2
4235 1
4236 2
4237 2
4238 2
4239 1
4240 2
4241 2
4242 1
4243 2
4244 2
4245 1
4246 1
4247 2
4248 1
4249 1
4250 1
4251 2
4252 1
4253 2
4254 1
4255 1
4256 2
4257 2
4258 2
4259 1
4260 1
4261 2
4262 1
4263 2
4264 2
4265 2
4266 1
4267 2
4268 2
4269 1
4270 2
4271 2
4272 1
4273 1
4274 1
4275 1
4276 2
4277 2
4278 2
4279 2
4280 1
4281 1
4282 2
4283 2
4284 1
4285 1
4286 2
4287 1
4288 1
4289 1
4290 1
4291 2
4292 1
4293 1
4294 1
4295 2
4296 1
4297 2
4298 2
4299 2
4300 2
4301 2
4302 2
4303 2
4304 2
4305 2
4306 1
4307 1
4308 2
4309 2
4310 1
4311 2
4312 1
4313 2
4314 2
4315 1
4316 2
4317 1
4318 2
4319 1
4320 2
4321 2
4322 1
4323 1
4324 1
4325 1
4326 2
4327 1
4328 2
4329 2
4330 1
4331 1
4332 2
4333 2
4334 2
4335 1
4336 1
4337 1
4338 2
4339 1
4340 1
4341 2
4342 2
4343 1
4344 1
4345 2
4346 1
4347 1
4348 2
4349 1
4350 2
4351 2
4352 2
4353 2
4354 2
4355 1
4356 2
4357 1
4358 2
4359 1
4360 1
4361 2
4362 1
4363 2
4364 2
4365 1
4366 2
4367 2
4368 1
4369 2
4370 1
4371 1
4372 1
4373 1
4374 2
4375 2
4376 2
4377 1
4378 2
4379 2
4380 1
4381 2
4382 2
4383 2
4384 2
4385 1
4386 1
4387 1
4388 2
4389 1
4390 1
4391 1
4392 2
4393 2
4394 2
4395 1
4396 1
4397 1
4398 2
4399 1
4400 1
4401 2
4402 1
4403 2
4404 2
4405 2
4406 2
4407 1
4408 2
4409 2
4410 1
4411 1
4412 1
4413 2
4414 2
4415 1
4416 1
4417 2
4418 1
4419 1
4420 2
4421 2
4422 1
4423 1
4424 1
4425 1
4426 2
4427 2
4428 1
4429 1
4430 2
4431 1
4432 1
4433 2
4434 1
4435 2
4436 1
4437 1
4438 2
4439 2
4440 1
4441 2
4442 1
4443 2
4444 1
4445 1
4446 1
4447 1
4448 1
4449 2
4450 2
4451 1
4452 2
4453 1
4454 2
4455 2
4456 2
4457 1
4458 2
4459 1
4460 1
4461 1
4462 2
4463 2
4464 2
4465 1
4466 2
4467 2
4468 1
4469 2
4470 2
4471 2
4472 2
4473 2
4474 1
4475 1
4476 1
4477 1
4478 1
4479 1
4480 2
4481 2
4482 2
4483 2
4484 2
4485 1
4486 1
4487 2
4488 2
4489 1
4490 1
4491 2
4492 2
4493 2
4494 2
4495 2
4496 2
4497 1
4498 1
4499 1
4500 1
4501 1
4502 1
4503 2
4504 1
4505 1
4506 2
4507 1
4508 2
4509 2
4510 2
4511 2
4512 2
4513 1
4514 1
4515 2
4516 1
4517 2
4518 2
4519 1
4520 1
4521 2
4522 1
4523 1
4524 2
4525 1
4526 1
4527 1
4528 2
4529 2
4530 2
4531 2
4532 1
4533 2
4534 2
4535 1
4536 1
4537 1
4538 1
4539 2
4540 1
4541 1
4542 2
4543 2
4544 1
4545 1
4546 2
4547 2
4548 2
4549 2
4550 1
4551 1
4552 1
4553 1
4554 2
4555 2
4556 2
4557 1
4558 2
4559 1
4560 1
4561 1
4562 1
4563 1
4564 1
4565 1
4566 1
4567 1
4568 2
4569 1
4570 2
4571 1
4572 2
4573 2
4574 1
4575 1
4576 1
4577 1
4578 1
4579 2
4580 1
4581 1
4582 1
4583 1
4584 2
4585 1
4586 1
4587 1
4588 2
4589 1
4590 1
4591 1
4592 2
4593 2
4594 2
4595 1
4596 1
4597 1
4598 2
4599 2
4600 2
4601 2
4602 2
4603 2
4604 2
4605 2
4606 2
4607 2
4608 1
4609 1
4610 1
4611 1
4612 1
4613 2
4614 2
4615 1
4616 1
4617 1
4618 2
4619 1
4620 2
4621 2
4622 1
4623 1
4624 2
4625 1
4626 2
4627 1
4628 2
4629 2
4630 1
4631 2
4632 1
4633 2
4634 2
4635 1
4636 1
4637 2
4638 2
4639 2
4640 1
4641 1
4642 2
4643 2
4644 1
4645 1
4646 2
4647 1
4648 2
4649 1
4650 1
4651 1
4652 1
4653 2
4654 2
4655 1
4656 1
4657 1
4658 1
4659 1
4660 1
4661 1
4662 2
4663 2
4664 2
4665 1
4666 2
4667 1
4668 1
4669 1
4670 1
4671 2
4672 1
4673 1
4674 2
4675 2
4676 2
4677 2
4678 1
4679 1
4680 1
4681 1
4682 2
4683 2
4684 2
4685 1
4686 1
4687 1
4688 1
4689 1
4690 1
4691 2
4692 2
4693 2
4694 2
4695 1
4696 1
4697 2
4698 1
4699 2
4700 2
4701 2
4702 1
4703 2
4704 1
4705 2
4706 1
4707 1
4708 2
4709 1
4710 2
4711 2
4712 2
4713 2
4714 1
4715 2
4716 2
4717 1
4718 1
4719 2
4720 2
4721 2
4722 1
4723 1
4724 2
4725 1
4726 1
4727 2
4728 2
4729 2
4730 2
4731 2
4732 2
4733 2
4734 1
4735 1
4736 2
4737 1
4738 2
4739 2
4740 2
4741 2
4742 2
4743 2
4744 1
4745 2
4746 1
4747 2
4748 2
4749 1
4750 1
4751 1
4752 1
4753 1
4754 1
4755 2
4756 2
4757 1
4758 2
4759 2
4760 2
4761 1
4762 2
4763 2
4764 1
4765 2
4766 1
4767 1
4768 2
4769 1
4770 1
4771 2
4772 2
4773 1
4774 1
4775 1
4776 1
4777 1
4778 2
4779 1
4780 1
4781 2
4782 2
4783 2
4784 2
4785 2
4786 1
4787 2
4788 1
4789 2
4790 2
4791 1
4792 2
4793 2
4794 2
4795 1
4796 2
4797 1
4798 1
4799 2
4800 1
4801 1
4802 2
4803 2
4804 2
4805 1
4806 1
4807 2
4808 1
4809 2
4810 2
4811 1
4812 2
4813 1
4814 1
4815 2
4816 2
4817 1
4818 1
4819 2
4820 2
4821 2
4822 1
4823 2
4824 1
4825 1
4826 2
4827 1
4828 2
4829 2
4830 1
4831 1
4832 1
4833 2
4834 1
4835 1
4836 1
4837 1
4838 2
4839 2
4840 1
4841 2
4842 1
4843 2
4844 2
4845 1
4846 1
4847 1
4848 1
4849 2
4850 2
4851 2
4852 2
4853 2
4854 1
4855 2
4856 2
4857 1
4858 1
4859 1
4860 2
4861 1
4862 2
4863 2
4864 1
4865 1
4866 2
4867 2
4868 2
4869 1
4870 1
4871 1
4872 1
4873 2
4874 2
4875 2
4876 1
4877 2
4878 2
4879 2
4880 1
4881 2
4882 1
4883 2
4884 2
4885 1
4886 2
4887 1
4888 2
4889 2
4890 1
4891 1
4892 1
4893 2
4894 1
4895 2
4896 2
4897 1
4898 1
4899 1
4900 2
4901 1
4902 2
4903 1
4904 2
4905 2
4906 2
4907 2
4908 2
4909 2
4910 2
4911 1
4912 1
4913 1
4914 2
4915 2
4916 1
4917 1
4918 2
4919 1
4920 2
4921 1
4922 2
4923 2
4924 2
4925 2
4926 2
4927 2
4928 2
4929 2
4930 2
4931 1
4932 2
4933 2
4934 2
4935 1
4936 2
4937 2
4938 2
4939 1
4940 1
4941 1
4942 1
4943 2
4944 2
4945 1
4946 2
4947 1
4948 1
4949 2
4950 2
4951 1
4952 2
4953 2
4954 2
4955 2
4956 1
4957 2
4958 1
4959 2
4960 1
4961 1
4962 1
4963 1
4964 1
4965 2
4966 2
4967 2
4968 2
4969 2
4970 2
4971 1
4972 1
4973 2
4974 2
4975 2
4976 2
4977 2
4978 2
4979 2
4980 1
4981 2
4982 2
4983 2
4984 1
4985 2
4986 2
4987 1
4988 1
4989 1
4990 1
4991 2
4992 1
4993 2
4994 2
4995 1
4996 1
4997 1
4998 2
4999 2
5000 2
5001 2
5002 2
5003 2
5004 1
5005 1
5006 1
5007 2
5008 2
5009 1
5010 2
5011 1
5012 1
5013 1
5014 1
5015 2
5016 1
5017 1
5018 2
5019 2
5020 1
5021 1
5022 1
5023 2
5024 1
5025 1
5026 1
5027 2
5028 2
5029 2
5030 2
5031 2
5032 1
5033 1
5034 1
5035 1
5036 2
5037 1
5038 2
5039 1
5040 2
5041 2
5042 1
5043 1
5044 2
5045 1
5046 2
5047 1
5048 1
5049 2
5050 2
5051 1
5052 1
5053 1
5054 1
5055 2
5056 1
5057 2
5058 1
5059 1
5060 2
5061 1
5062 1
5063 1
5064 2
5065 1
5066 1
5067 1
5068 1
5069 2
5070 2
5071 1
5072 1
5073 1
5074 1
5075 2
5076 2
5077 1
5078 1
5079 1
5080 2
5081 2
5082 1
5083 1
5084 1
5085 2
5086 2
5087 1
5088 1
5089 1
5090 1
5091 2
5092 2
5093 2
5094 2
5095 1
5096 1
5097 2
5098 1
5099 2
5100 1
5101 2
5102 2
5103 2
5104 1
5105 1
5106 2
5107 1
5108 2
5109 1
5110 1
5111 2
5112 2
5113 2
5114 2
5115 1
5116 2
5117 1
5118 2
5119 2
5120 2
5121 1
5122 2
5123 2
5124 1
5125 1
5126 2
5127 1
5128 2
5129 1
5130 1
5131 1
5132 1
5133 2
5134 1
5135 2
5136 1
5137 2
5138 1
5139 1
5140 1
5141 1
5142 2
5143 2
5144 2
5145 1
5146 2
5147 2
5148 1
5149 2
5150 2
5151 1
5152 2
5153 1
5154 2
5155 2
5156 1
5157 2
5158 1
5159 2
5160 1
5161 2
5162 1
5163 2
5164 2
5165 2
5166 1
5167 1
5168 1
5169 2
5170 2
5171 1
5172 1
5173 1
5174 2
5175 2
5176 1
5177 2
5178 2
5179 1
5180 2
5181 1
5182 2
5183 1
5184 2
5185 1
5186 2
5187 2
5188 1
5189 1
5190 2
5191 1
5192 2
5193 1
5194 2
5195 2
5196 1
5197 1
5198 2
5199 2
5200 2
5201 2
5202 1
5203 1
5204 2
5205 1
5206 2
5207 2
5208 2
5209 2
5210 1
5211 1
5212 2
5213 1
5214 1
5215 1
5216 1
5217 2
5218 1
5219 1
5220 1
5221 2
5222 2
5223 2
5224 1
5225 1
5226 1
5227 1
5228 2
5229 1
5230 2
5231 1
5232 1
5233 2
5234 1
5235 1
5236 2
5237 2
5238 1
5239 1
5240 1
5241 1
5242 1
5243 2
5244 2
5245 2
5246 2
5247 2
5248 1
5249 2
5250 1
5251 2
5252 1
5253 2
5254 1
5255 1
5256 2
5257 2
5258 1
5259 2
5260 2
5261 2
5262 2
5263 1
5264 2
5265 1
5266 2
5267 2
5268 1
5269 2
5270 1
5271 1
5272 2
5273 2
5274 1
5275 1
5276 1
5277 2
5278 2
5279 2
5280 1
5281 1
5282 1
5283 1
5284 2
5285 1
5286 1
5287 2
5288 1
5289 2
5290 2
5291 1
5292 1
5293 2
5294 2
5295 2
5296 1
5297 1
5298 2
5299 1
5300 1
5301 2
5302 2
5303 1
5304 2
5305 2
5306 2
5307 2
5308 2
5309 2
5310 2
5311 2
5312 1
5313 2
5314 1
5315 2
5316 2
5317 2
5318 2
5319 2
5320 2
5321 1
5322 2
5323 1
5324 1
5325 1
5326 1
5327 2
5328 2
5329 2
5330 2
5331 2
5332 1
5333 2
5334 2
5335 2
5336 2
5337 1
5338 2
5339 1
5340 2
5341 1
5342 2
5343 2
5344 2
5345 1
5346 1
5347 1
5348 2
5349 2
5350 2
5351 1
5352 1
5353 1
5354 1
5355 1
5356 2
5357 1
5358 2
5359 2
5360 2
5361 2
5362 2
5363 1
5364 1
5365 2
5366 2
5367 1
5368 2
5369 1
5370 2
5371 1
5372 1
5373 1
5374 2
5375 1
5376 1
5377 1
5378 1
5379 1
5380 2
5381 2
5382 1
5383 1
5384 1
5385 2
5386 2
5387 2
5388 1
5389 2
5390 2
5391 1
5392 1
5393 2
5394 2
5395 2
5396 2
5397 2
5398 1
5399 2
5400 1
5401 1
5402 2
5403 1
5404 1
5405 2
5406 2
5407 1
5408 1
5409 2
5410 2
5411 2
5412 1
5413 2
5414 1
5415 1
5416 1
5417 1
5418 2
5419 1
5420 2
5421 2
5422 1
5423 2
5424 1
5425 1
5426 1
5427 1
5428 1
5429 2
5430 1
5431 2
5432 2
5433 2
5434 2
5435 1
5436 1
5437 1
5438 1
5439 1
5440 2
5441 1
5442 2
5443 2
5444 2
5445 2
5446 2
5447 1
5448 2
5449 1
5450 1
5451 2
5452 1
5453 2
5454 1
5455 1
5456 2
5457 1
5458 1
5459 2
5460 1
5461 2
5462 1
5463 1
5464 2
5465 2
5466 2
5467 1
5468 2
5469 1
5470 2
5471 2
5472 1
5473 2
5474 1
5475 2
5476 2
5477 2
5478 2
5479 2
5480 2
5481 2
5482 2
5483 1
5484 2
5485 2
5486 2
5487 2
5488 2
5489 1
5490 1
5491 2
5492 1
5493 2
5494 2
5495 1
5496 1
5497 1
5498 2
5499 2
5500 2
5501 2
5502 2
5503 1
5504 2
5505 2
5506 2
5507 2
5508 2
5509 1
5510 1
5511 1
5512 2
5513 2
5514 2
5515 2
5516 1
5517 1
5518 2
5519 1
5520 1
5521 2
5522 2
5523 1
5524 2
5525 2
5526 2
5527 2
5528 2
5529 2
5530 1
5531 2
5532 2
5533 1
5534 2
5535 2
5536 2
5537 2
5538 2
5539 2
5540 2
5541 1
5542 1
5543 1
5544 2
5545 2
5546 1
5547 2
5548 2
5549 1
5550 1
5551 2
5552 2
5553 2
5554 2
5555 2
5556 2
5557 2
5558 1
5559 1
5560 2
5561 2
5562 2
5563 2
5564 2
5565 1
5566 2
5567 2
5568 2
5569 2
5570 1
5571 1
5572 1
5573 2
5574 2
5575 2
5576 2
5577 2
5578 2
5579 1
5580 2
5581 2
5582 1
5583 2
5584 2
5585 1
5586 2
5587 2
5588 2
5589 2
5590 2
5591 1
5592 1
5593 2
5594 2
5595 1
5596 1
5597 2
5598 1
5599 2
5600 1
5601 2
5602 1
5603 1
5604 1
5605 1
5606 1
5607 2
5608 2
5609 1
5610 2
5611 1
5612 1
5613 2
5614 1
5615 2
5616 2
5617 2
5618 2
5619 1
5620 2
5621 2
5622 2
5623 2
5624 1
5625 2
5626 1
5627 2
5628 1
5629 1
5630 1
5631 2
5632 2
5633 1
5634 2
5635 1
5636 1
5637 2
5638 2
5639 2
5640 1
5641 2
5642 2
5643 1
5644 2
5645 1
5646 2
5647 2
5648 2
5649 1
5650 2
5651 1
5652 1
5653 2
5654 1
5655 1
5656 1
5657 2
5658 1
5659 1
5660 1
5661 2
5662 2
5663 2
5664 2
5665 2
5666 1
5667 1
5668 2
5669 1
5670 1
5671 2
5672 1
5673 1
5674 2
5675 2
5676 2
5677 2
5678 2
5679 1
5680 1
5681 1
5682 2
5683 1
5684 2
5685 2
5686 2
5687 2
5688 2
5689 2
5690 2
5691 2
5692 2
5693 2
5694 2
5695 1
5696 1
5697 1
5698 1
5699 1
5700 1
5701 1
5702 1
5703 1
5704 2
5705 1
5706 2
5707 2
5708 2
5709 1
5710 2
5711 1
5712 1
5713 1
5714 1
5715 2
5716 1
5717 2
5718 2
5719 2
5720 1
5721 2
5722 2
5723 2
5724 1
5725 2
5726 1
5727 2
5728 1
5729 2
5730 1
5731 1
5732 1
5733 1
5734 1
5735 2
5736 2
5737 2
5738 2
5739 2
5740 1
5741 1
5742 2
5743 1
5744 2
5745 2
5746 1
5747 1
5748 2
5749 1
5750 1
5751 1
5752 2
5753 2
5754 1
5755 1
5756 2
5757 1
5758 1
5759 2
5760 2
5761 1
5762 1
5763 1
5764 1
5765 1
5766 1
5767 2
5768 1
5769 2
5770 2
5771 1
5772 2
5773 1
5774 1
5775 2
5776 2
5777 2
5778 2
5779 1
5780 2
5781 1
5782 2
5783 1
5784 2
5785 2
5786 1
5787 1
5788 1
5789 2
5790 2
5791 2
5792 2
5793 2
5794 1
5795 1
5796 1
5797 2
5798 2
5799 1
5800 1
5801 2
5802 2
5803 1
5804 2
5805 1
5806 2
5807 1
5808 1
5809 2
5810 2
5811 1
5812 2
5813 2
5814 2
5815 1
5816 2
5817 1
5818 2
5819 1
5820 1
5821 2
5822 2
5823 2
5824 1
5825 2
5826 1
5827 2
5828 1
5829 1
5830 1
5831 2
5832 2
5833 2
5834 2
5835 2
5836 2
5837 1
5838 2
5839 1
5840 2
5841 2
5842 2
5843 1
5844 1
5845 2
5846 2
5847 2
5848 2
5849 2
5850 2
5851 1
5852 1
5853 2
5854 2
5855 2
5856 1
5857 2
5858 1
5859 2
5860 1
5861 1
5862 2
5863 2
5864 1
5865 2
5866 1
5867 2
5868 1
5869 2
5870 1
5871 1
5872 1
5873 2
5874 1
5875 1
5876 1
5877 2
5878 1
5879 1
5880 2
5881 2
5882 2
5883 1
5884 2
5885 1
5886 2
5887 2
5888 1
5889 1
5890 1
5891 2
5892 2
5893 1
5894 1
5895 1
5896 2
5897 1
5898 2
5899 2
5900 1
5901 1
5902 2
5903 2
5904 2
5905 2
5906 1
5907 1
5908 2
5909 1
5910 2
5911 2
5912 1
5913 2
5914 2
5915 1
5916 2
5917 2
5918 2
5919 1
5920 1
5921 1
5922 2
5923 1
5924 1
5925 2
5926 1
5927 2
5928 2
5929 2
5930 2
5931 2
5932 1
5933 2
5934 1
5935 2
5936 1
5937 1
5938 2
5939 2
5940 1
5941 1
5942 1
5943 2
5944 1
5945 1
5946 1
5947 2
5948 1
5949 1
5950 2
5951 1
5952 2
5953 2
5954 2
5955 2
5956 2
5957 2
5958 2
5959 2
5960 2
5961 2
5962 2
5963 2
5964 2
5965 1
5966 1
5967 1
5968 1
5969 1
5970 2
5971 2
5972 2
5973 1
5974 1
5975 2
5976 2
5977 2
5978 2
5979 2
5980 1
5981 2
5982 2
5983 2
5984 2
5985 2
5986 1
5987 2
5988 1
5989 1
5990 1
5991 2
5992 2
5993 1
5994 2
5995 1
5996 1
5997 1
5998 2
5999 2
6000 2
6001 2
6002 2
6003 1
6004 1
6005 1
6006 2
6007 1
6008 1
6009 1
6010 2
6011 1
6012 1
6013 2
6014 1
6015 2
6016 1
6017 2
6018 2
6019 1
6020 2
6021 1
6022 2
6023 2
6024 2
6025 1
6026 1
6027 1
6028 1
6029 2
6030 2
6031 2
6032 2
6033 1
6034 2
6035 2
6036 2
6037 2
6038 2
6039 1
6040 2
6041 2
6042 1
6043 2
6044 2
6045 2
6046 1
6047 2
6048 1
6049 2
6050 2
6051 2
6052 1
6053 2
6054 1
6055 1
6056 1
6057 2
6058 2
6059 1
6060 1
6061 2
6062 2
6063 2
6064 1
6065 2
6066 1
6067 1
6068 1
6069 2
6070 2
6071 1
6072 1
6073 2
6074 1
6075 1
6076 1
6077 1
6078 2
6079 1
6080 2
6081 2
6082 2
6083 2
6084 2
6085 2
6086 1
6087 2
6088 1
6089 2
6090 2
6091 2
6092 2
6093 2
6094 2
6095 2
6096 2
6097 2
6098 2
6099 2
6100 1
6101 2
6102 1
6103 2
6104 2
6105 2
6106 1
6107 1
6108 2
6109 1
6110 1
6111 1
6112 2
6113 2
6114 2
6115 2
6116 2
6117 2
6118 2
6119 1
6120 2
6121 1
6122 1
6123 1
6124 1
6125 2
6126 1
6127 2
6128 2
6129 2
6130 1
6131 2
6132 1
6133 2
6134 1
6135 1
6136 2
6137 1
6138 2
6139 2
6140 1
6141 1
6142 2
6143 1
6144 1
6145 1
6146 2
6147 2
6148 2
6149 1
6150 2
6151 2
6152 2
6153 2
6154 1
6155 2
6156 1
6157 1
6158 1
6159 2
6160 1
6161 2
6162 2
6163 1
6164 1
6165 1
6166 2
6167 2
6168 2
6169 1
6170 2
6171 2
6172 2
6173 1
6174 1
6175 1
6176 2
6177 1
6178 2
6179 1
6180 2
6181 2
6182 2
6183 1
6184 2
6185 1
6186 2
6187 2
6188 1
6189 2
6190 2
6191 2
6192 1
6193 1
6194 2
6195 1
6196 2
6197 2
6198 2
6199 2
6200 2
6201 1
6202 2
6203 2
6204 1
6205 2
6206 1
6207 1
6208 2
6209 2
6210 2
6211 1
6212 1
6213 1
6214 2
6215 2
6216 2
6217 2
6218 1
6219 2
6220 2
6221 1
6222 1
6223 2
6224 2
6225 2
6226 2
6227 2
6228 2
6229 2
6230 2
6231 2
6232 2
6233 2
6234 1
6235 2
6236 2
6237 2
6238 1
6239 1
6240 2
6241 2
6242 2
6243 2
6244 2
6245 2
6246 2
6247 1
6248 2
6249 2
6250 2
6251 2
6252 2
6253 2
6254 1
6255 2
6256 2
6257 2
6258 2
6259 2
6260 2
6261 2
6262 2
6263 2
6264 2
6265 1
6266 2
6267 2
6268 1
6269 1
6270 1
6271 1
6272 2
6273 2
6274 1
6275 1
6276 2
6277 2
6278 1
6279 2
6280 1
6281 2
6282 2
6283 1
6284 2
6285 1
6286 1
6287 2
6288 2
6289 2
6290 2
6291 2
6292 2
6293 1
6294 1
6295 2
6296 2
6297 2
6298 1
6299 2
6300 2
6301 2
6302 2
6303 2
6304 1
6305 1
6306 1
6307 1
6308 2
6309 1
6310 1
6311 1
6312 1
6313 2
6314 1
6315 1
6316 1
6317 1
6318 1
6319 1
6320 2
6321 2
6322 1
6323 1
6324 2
6325 2
6326 1
6327 2
6328 2
6329 2
6330 2
6331 1
6332 2
6333 2
6334 2
6335 2
6336 1
6337 2
6338 2
6339 2
6340 1
6341 2
6342 2
6343 1
6344 2
6345 2
6346 2
6347 1
6348 2
6349 2
6350 1
6351 1
6352 1
6353 2
6354 1
6355 1
6356 2
6357 1
6358 2
6359 1
6360 2
6361 1
6362 1
6363 2
6364 2
6365 1
6366 1
6367 2
6368 2
6369 2
6370 1
6371 2
6372 2
6373 1
6374 2
6375 2
6376 2
6377 1
6378 1
6379 1
6380 2
6381 1
6382 1
6383 1
6384 2
6385 2
6386 1
6387 2
6388 1
6389 2
6390 2
6391 1
6392 2
6393 2
6394 2
6395 2
6396 2
6397 2
6398 2
6399 2
6400 1
6401 2
6402 2
6403 2
6404 1
6405 2
6406 2
6407 2
6408 2
6409 2
6410 2
6411 2
6412 2
6413 1
6414 1
6415 2
6416 1
6417 1
6418 2
6419 2
6420 2
6421 1
6422 2
6423 2
6424 2
6425 1
6426 2
6427 1
6428 1
6429 1
6430 1
6431 2
6432 2
6433 1
6434 2
6435 2
6436 2
6437 2
6438 2
6439 2
6440 1
6441 2
6442 2
6443 2
6444 2
6445 2
6446 2
6447 2
6448 2
6449 2
6450 2
6451 2
6452 2
6453 1
6454 2
6455 2
6456 2
6457 2
6458 1
6459 1
6460 1
6461 2
6462 2
6463 2
6464 1
6465 1
6466 2
6467 1
6468 1
6469 2
6470 2
6471 2
6472 2
6473 2
6474 2
6475 1
6476 2
6477 2
6478 2
6479 1
6480 1
6481 2
6482 2
6483 2
6484 1
6485 2
6486 2
6487 1
6488 2
6489 1
6490 1
6491 1
6492 1
6493 2
6494 1
6495 1
6496 1
6497 2
6498 2
6499 1
6500 1
6501 1
6502 2
6503 2
6504 1
6505 1
6506 1
6507 1
6508 2
6509 2
6510 2
6511 1
6512 2
6513 2
6514 1
6515 2
6516 1
6517 2
6518 2
6519 2
6520 2
6521 2
6522 1
6523 1
6524 2
6525 2
6526 2
6527 1
6528 2
6529 1
6530 1
6531 1
6532 1
6533 1
6534 2
6535 2
6536 1
6537 2
6538 1
6539 2
6540 2
6541 2
6542 2
6543 2
6544 2
6545 1
6546 2
6547 2
6548 2
6549 1
6550 2
6551 1
6552 2
6553 1
6554 2
6555 2
6556 2
6557 1
6558 2
6559 1
6560 2
6561 2
6562 1
6563 1
6564 2
6565 1
6566 2
6567 1
6568 2
6569 2
6570 1
6571 2
6572 2
6573 2
6574 1
6575 2
6576 1
6577 1
6578 2
6579 1
6580 2
6581 2
6582 2
6583 2
6584 2
6585 1
6586 2
6587 1
6588 2
6589 1
6590 2
6591 1
6592 1
6593 1
6594 2
6595 1
6596 1
6597 1
6598 2
6599 1
6600 1
6601 2
6602 1
6603 2
6604 2
6605 1
6606 1
6607 2
6608 2
6609 2
6610 1
6611 2
6612 2
6613 2
6614 2
6615 1
6616 2
6617 2
6618 1
6619 1
6620 1
6621 1
6622 2
6623 1
6624 2
6625 2
6626 1
6627 1
6628 2
6629 1
6630 2
6631 2
6632 2
6633 1
6634 1
6635 2
6636 1
6637 2
6638 2
6639 2
6640 1
6641 2
6642 2
6643 2
6644 1
6645 1
6646 1
6647 1
6648 1
6649 1
6650 1
6651 2
6652 2
6653 1
6654 2
6655 1
6656 2
6657 1
6658 1
6659 1
6660 2
6661 2
6662 2
6663 2
6664 2
6665 1
6666 2
6667 1
6668 1
6669 2
6670 2
6671 1
6672 1
6673 1
6674 2
6675 2
6676 2
6677 2
6678 2
6679 2
6680 2
6681 1
6682 2
6683 1
6684 2
6685 1
6686 1
6687 2
6688 1
6689 2
6690 2
6691 1
6692 2
6693 2
6694 2
6695 1
6696 2
6697 2
6698 2
6699 1
6700 2
6701 2
6702 2
6703 2
6704 1
6705 1
6706 2
6707 2
6708 1
6709 2
6710 1
6711 1
6712 2
6713 1
6714 1
6715 2
6716 2
6717 2
6718 2
6719 1
6720 2
6721 2
6722 1
6723 2
6724 2
6725 2
6726 2
6727 1
6728 1
6729 2
6730 2
6731 1
6732 2
6733 1
6734 2
6735 1
6736 1
6737 2
6738 2
6739 2
6740 2
6741 2
6742 1
6743 2
6744 2
6745 1
6746 2
6747 2
6748 1
6749 2
6750 1
6751 2
6752 1
6753 2
6754 1
6755 1
6756 2
6757 1
6758 2
6759 1
6760 2
6761 2
6762 2
6763 2
6764 2
6765 2
6766 2
6767 2
6768 1
6769 1
6770 2
6771 2
6772 2
6773 2
6774 1
6775 2
6776 2
6777 2
6778 2
6779 1
6780 1
6781 2
6782 2
6783 1
6784 1
6785 1
6786 1
6787 1
6788 2
6789 1
6790 2
6791 1
6792 1
6793 1
6794 2
6795 2
6796 1
6797 2
6798 2
6799 1
6800 1
6801 1
6802 1
6803 2
6804 1
6805 1
6806 1
6807 1
6808 1
6809 2
6810 2
6811 2
6812 2
6813 2
6814 2
6815 2
6816 1
6817 2
6818 2
6819 2
6820 1
6821 2
6822 2
6823 2
6824 1
6825 1
6826 1
6827 2
6828 2
6829 1
6830 2
6831 2
6832 1
6833 2
6834 2
6835 2
6836 1
6837 2
6838 1
6839 2
6840 2
6841 2
6842 2
6843 2
6844 2
6845 2
6846 2
6847 1
6848 2
6849 1
6850 2
6851 1
6852 1
6853 1
6854 2
6855 2
6856 2
6857 1
6858 2
6859 2
6860 2
6861 1
6862 1
6863 2
6864 2
6865 2
6866 1
6867 2
6868 1
6869 2
6870 2
6871 2
6872 2
6873 2
6874 2
6875 1
6876 2
6877 1
6878 2
6879 2
6880 1
6881 2
6882 2
6883 1
6884 1
6885 1
6886 2
6887 1
6888 1
6889 2
6890 1
6891 2
6892 1
6893 2
6894 2
6895 2
6896 1
6897 1
6898 2
6899 2
6900 1
6901 2
6902 2
6903 1
6904 1
6905 2
6906 2
6907 2
6908 2
6909 1
6910 2
6911 2
6912 2
6913 2
6914 2
6915 1
6916 1
6917 2
6918 2
6919 2
6920 1
6921 2
6922 1
6923 1
6924 2
6925 2
6926 2
6927 1
6928 2
6929 2
6930 1
6931 2
6932 2
6933 1
6934 1
6935 2
6936 1
6937 2
6938 2
6939 2
6940 2
6941 1
6942 2
6943 2
6944 2
6945 2
6946 1
6947 2
6948 2
6949 2
6950 1
6951 2
6952 1
6953 2
6954 2
6955 2
6956 2
6957 2
6958 1
6959 2
6960 1
6961 1
6962 2
6963 1
6964 2
6965 2
6966 2
6967 2
6968 1
6969 2
6970 1
6971 2
6972 2
6973 1
6974 2
6975 1
6976 2
6977 2
6978 1
6979 2
6980 2
6981 1
6982 2
6983 1
6984 1
6985 2
6986 1
6987 1
6988 2
6989 1
6990 2
6991 1
6992 2
6993 1
6994 1
6995 2
6996 2
6997 2
6998 2
6999 1
7000 1
7001 2
7002 1
7003 1
7004 1
7005 2
7006 1
7007 2
7008 1
7009 1
7010 2
7011 1
7012 1
7013 1
7014 2
7015 1
7016 2
7017 1
7018 2
7019 2
7020 2
7021 2
7022 2
7023 2
7024 1
7025 2
7026 2
7027 1
7028 2
7029 1
7030 1
7031 1
7032 1
7033 2
7034 1
7035 2
7036 2
7037 1
7038 2
7039 1
7040 2
7041 2
7042 2
7043 1
7044 1
7045 1
7046 1
7047 2
7048 1
7049 2
7050 1
7051 1
7052 2
7053 2
7054 2
7055 1
7056 2
7057 1
7058 1
7059 2
7060 2
7061 2
7062 2
7063 1
7064 2
7065 2
7066 2
7067 2
7068 1
7069 1
7070 1
7071 2
7072 2
7073 1
7074 2
7075 2
7076 2
7077 1
7078 2
7079 1
7080 2
7081 2
7082 2
7083 1
7084 2
7085 1
7086 1
7087 1
7088 1
7089 1
7090 2
7091 2
7092 2
7093 2
7094 1
7095 2
7096 1
7097 1
7098 2
7099 2
7100 2
7101 1
7102 1
7103 1
7104 2
7105 2
7106 2
7107 1
7108 1
7109 2
7110 1
7111 1
7112 2
7113 1
7114 2
7115 2
7116 2
7117 2
7118 2
7119 1
7120 2
7121 2
7122 1
7123 2
7124 2
7125 1
7126 2
7127 1
7128 2
7129 2
7130 1
7131 2
7132 2
7133 2
7134 1
7135 2
7136 2
7137 2
7138 2
7139 2
7140 2
7141 2
7142 1
7143 1
7144 1
7145 2
7146 1
7147 2
7148 2
7149 2
7150 1
7151 1
7152 1
7153 2
7154 2
7155 1
7156 2
7157 2
7158 2
7159 1
7160 2
7161 2
7162 1
7163 2
7164 2
7165 2
7166 1
7167 2
7168 2
7169 2
7170 1
7171 2
7172 2
7173 1
7174 2
7175 2
7176 2
7177 2
7178 2
7179 2
7180 1
7181 1
7182 1
7183 2
7184 1
7185 2
7186 1
7187 1
7188 2
7189 2
7190 2
7191 1
7192 1
7193 2
7194 2
7195 2
7196 2
7197 2
7198 2
7199 1
7200 2
7201 2
7202 2
7203 2
7204 2
7205 2
7206 2
7207 2
7208 1
7209 1
7210 1
7211 2
7212 2
7213 2
7214 1
7215 1
7216 1
7217 2
7218 2
7219 1
7220 2
7221 1
7222 2
7223 2
7224 1
7225 2
7226 2
7227 2
7228 1
7229 1
7230 2
7231 2
7232 2
7233 2
7234 2
7235 2
7236 2
7237 2
7238 2
7239 1
7240 2
7241 2
7242 1
7243 2
7244 2
7245 2
7246 2
7247 2
7248 2
7249 2
7250 2
7251 1
7252 1
7253 2
7254 2
7255 2
7256 2
7257 2
7258 2
7259 1
7260 1
7261 2
7262 1
7263 2
7264 2
7265 1
7266 2
7267 2
7268 1
7269 2
7270 2
7271 1
7272 1
7273 2
7274 2
7275 2
7276 1
7277 1
7278 1
7279 2
7280 1
7281 2
7282 1
7283 2
7284 1
7285 1
7286 2
7287 2
7288 1
7289 1
7290 2
7291 2
7292 1
7293 1
7294 1
7295 2
7296 2
7297 2
7298 2
7299 1
7300 2
7301 1
7302 1
7303 1
7304 1
7305 2
7306 2
7307 2
7308 1
7309 1
7310 2
7311 2
7312 1
7313 1
7314 1
7315 2
7316 1
7317 1
7318 2
7319 2
7320 2
7321 1
7322 2
7323 1
7324 1
7325 2
7326 2
7327 1
7328 1
7329 2
7330 1
7331 1
7332 1
7333 2
7334 1
7335 2
7336 1
7337 2
7338 2
7339 2
7340 2
7341 2
7342 1
7343 2
7344 2
7345 2
7346 2
7347 2
7348 2
7349 1
7350 2
7351 1
7352 1
7353 2
7354 2
7355 1
7356 2
7357 2
7358 2
7359 2
7360 1
7361 2
7362 2
7363 2
7364 2
7365 1
7366 2
7367 2
7368 2
7369 2
7370 2
7371 2
7372 2
7373 2
7374 2
7375 2
7376 2
7377 1
7378 2
7379 1
7380 2
7381 1
7382 2
7383 1
7384 1
7385 2
7386 2
7387 1
7388 1
7389 2
7390 1
7391 2
7392 1
7393 2
7394 1
7395 1
7396 2
7397 1
7398 1
7399 2
7400 1
7401 2
7402 2
7403 2
7404 2
7405 2
7406 1
7407 2
7408 1
7409 1
7410 2
7411 2
7412 2
7413 2
7414 2
7415 2
7416 2
7417 2
7418 2
7419 2
7420 2
7421 2
7422 2
7423 2
7424 2
7425 2
7426 1
7427 2
7428 2
7429 2
7430 1
7431 1
7432 1
7433 2
7434 2
7435 2
7436 2
7437 2
7438 2
7439 1
7440 1
7441 1
7442 1
7443 1
7444 2
7445 2
7446 2
7447 2
7448 2
7449 2
7450 2
7451 2
7452 2
7453 2
7454 1
7455 1
7456 2
7457 2
7458 2
7459 2
7460 1
7461 2
7462 1
7463 2
7464 1
7465 2
7466 1
7467 2
7468 2
7469 2
7470 1
7471 2
7472 1
7473 2
7474 2
7475 2
7476 2
7477 2
7478 2
7479 2
7480 2
7481 1
7482 1
7483 1
7484 2
7485 1
7486 1
7487 2
7488 2
7489 2
7490 2
7491 2
7492 2
7493 1
7494 2
7495 2
7496 2
7497 2
7498 1
7499 2
7500 1
7501 2
7502 2
7503 1
7504 2
7505 1
7506 2
7507 1
7508 2
7509 1
7510 2
7511 1
7512 1
7513 2
7514 1
7515 1
7516 2
7517 2
7518 2
7519 2
7520 2
7521 2
7522 2
7523 2
7524 1
7525 2
7526 2
7527 1
7528 2
7529 2
7530 2
7531 1
7532 1
7533 2
7534 1
7535 1
7536 2
7537 2
7538 2
7539 1
7540 1
7541 1
7542 2
7543 1
7544 2
7545 2
7546 1
7547 2
7548 2
7549 2
7550 2
7551 2
7552 2
7553 2
7554 2
7555 2
7556 1
7557 2
7558 1
7559 2
7560 1
7561 2
7562 2
7563 2
7564 2
7565 2
7566 2
7567 2
7568 2
7569 1
7570 1
7571 1
7572 2
7573 2
7574 1
7575 1
7576 2
7577 2
7578 1
7579 2
7580 1
7581 1
7582 1
7583 1
7584 2
7585 1
7586 2
7587 2
7588 2
7589 2
7590 1
7591 1
7592 2
7593 1
7594 1
7595 1
7596 2
7597 2
7598 2
7599 1
7600 2
7601 2
7602 2
7603 2
7604 2
7605 1
7606 2
7607 2
7608 2
7609 1
7610 2
7611 2
7612 1
7613 2
7614 1
7615 2
7616 1
7617 1
7618 1
7619 1
7620 2
7621 1
7622 1
7623 2
7624 2
7625 2
7626 2
7627 1
7628 2
7629 2
7630 2
7631 2
7632 2
7633 1
7634 2
7635 2
7636 1
7637 2
7638 2
7639 1
7640 1
7641 2
7642 2
7643 2
7644 2
7645 2
7646 2
7647 2
7648 2
7649 2
7650 1
7651 2
7652 1
7653 2
7654 1
7655 1
7656 2
7657 1
7658 2
7659 2
7660 2
7661 2
7662 1
7663 2
7664 1
7665 2
7666 2
7667 2
7668 1
7669 2
7670 2
7671 2
7672 2
7673 2
7674 2
7675 2
7676 1
7677 2
7678 1
7679 2
7680 1
7681 2
7682 2
7683 1
7684 2
7685 2
7686 2
7687 2
7688 2
7689 2
7690 2
7691 1
7692 2
7693 2
7694 2
7695 2
7696 1
7697 2
7698 1
7699 1
7700 1
7701 2
7702 2
7703 2
7704 2
7705 2
7706 2
7707 1
7708 2
7709 1
7710 1
7711 2
7712 2
7713 2
7714 1
7715 2
7716 2
7717 1
7718 2
7719 1
7720 2
7721 1
7722 2
7723 2
7724 2
7725 2
7726 2
7727 1
7728 1
7729 2
7730 2
7731 2
7732 1
7733 1
7734 1
7735 2
7736 2
7737 1
7738 1
7739 2
7740 2
7741 2
7742 2
7743 1
7744 2
7745 2
7746 1
7747 1
7748 2
7749 1
7750 1
7751 1
7752 2
7753 2
7754 2
7755 2
7756 2
7757 2
7758 1
7759 2
7760 1
7761 1
7762 2
7763 1
7764 2
7765 2
7766 2
7767 2
7768 1
7769 1
7770 1
7771 2
7772 1
7773 2
7774 1
7775 2
7776 2
7777 2
7778 1
7779 1
7780 1
7781 2
7782 2
7783 1
7784 2
7785 1
7786 2
7787 2
7788 1
7789 2
7790 1
7791 2
7792 2
7793 1
7794 1
7795 2
7796 2
7797 1
7798 1
7799 1
7800 2
7801 1
7802 2
7803 2
7804 1
7805 2
7806 2
7807 2
7808 2
7809 1
7810 1
7811 2
7812 1
7813 1
7814 2
7815 2
7816 2
7817 2
7818 2
7819 2
7820 2
7821 1
7822 1
7823 2
7824 2
7825 2
7826 1
7827 2
7828 1
7829 2
7830 2
7831 1
7832 1
7833 1
7834 1
7835 2
7836 2
7837 2
7838 1
7839 2
7840 2
7841 1
7842 2
7843 2
7844 1
7845 2
7846 2
7847 2
7848 1
7849 2
7850 2
7851 2
7852 1
7853 2
7854 2
7855 1
7856 2
7857 2
7858 2
7859 2
7860 1
7861 2
7862 2
7863 2
7864 2
7865 2
7866 2
7867 2
7868 1
7869 2
7870 2
7871 1
7872 2
7873 2
7874 2
7875 2
7876 1
7877 2
7878 1
7879 1
7880 1
7881 2
7882 2
7883 2
7884 1
7885 1
7886 2
7887 2
7888 2
7889 1
7890 1
7891 2
7892 1
7893 2
7894 2
7895 2
7896 2
7897 2
7898 2
7899 2
7900 1
7901 2
7902 2
7903 1
7904 2
7905 1
7906 2
7907 1
7908 1
7909 2
7910 2
7911 2
7912 2
7913 2
7914 2
7915 1
7916 2
7917 2
7918 2
7919 2
7920 2
7921 2
7922 2
7923 2
7924 2
7925 1
7926 2
7927 2
7928 2
7929 1
7930 2
7931 1
7932 1
7933 2
7934 1
7935 2
7936 1
7937 1
7938 2
7939 2
7940 2
7941 2
7942 2
7943 2
7944 2
7945 2
7946 2
7947 1
7948 2
7949 2
7950 2
7951 2
7952 2
7953 2
7954 1
7955 1
7956 1
7957 2
7958 2
7959 2
7960 1
7961 2
7962 2
7963 2
7964 2
7965 1
7966 1
7967 1
7968 2
7969 1
7970 2
7971 2
7972 1
7973 2
7974 2
7975 2
7976 1
7977 2
7978 2
7979 2
7980 2
7981 2
7982 2
7983 2
7984 2
7985 2
7986 2
7987 2
7988 2
7989 2
7990 2
7991 2
7992 2
7993 2
7994 2
7995 1
7996 1
7997 1
7998 2
7999 1
8000 2
8001 1
8002 1
8003 2
8004 2
8005 2
8006 1
8007 1
8008 2
8009 1
8010 1
8011 2
8012 2
8013 2
8014 2
8015 2
8016 1
8017 2
8018 1
8019 2
8020 2
8021 2
8022 1
8023 2
8024 1
8025 1
8026 2
8027 2
8028 2
8029 2
8030 2
8031 1
8032 1
8033 2
8034 2
8035 2
8036 2
8037 2
8038 1
8039 2
8040 1
8041 2
8042 1
8043 1
8044 2
8045 2
8046 1
8047 2
8048 2
8049 2
8050 2
8051 2
8052 2
8053 2
8054 1
8055 1
8056 2
8057 2
8058 2
8059 2
8060 2
8061 2
8062 2
8063 1
8064 2
8065 1
8066 2
8067 2
8068 1
8069 1
8070 1
8071 2
8072 2
8073 1
8074 2
8075 2
8076 2
8077 2
8078 2
8079 1
8080 2
8081 2
8082 2
8083 1
8084 1
8085 1
8086 2
8087 1
8088 1
8089 1
8090 1
8091 1
8092 2
8093 2
8094 2
8095 1
8096 2
8097 1
8098 2
8099 2
8100 1
8101 2
8102 1
8103 2
8104 2
8105 1
8106 1
8107 1
8108 2
8109 2
8110 2
8111 1
8112 2
8113 2
8114 1
8115 2
8116 2
8117 1
8118 2
8119 1
8120 2
8121 2
8122 2
8123 2
8124 2
8125 2
8126 2
8127 2
8128 2
8129 2
8130 2
8131 2
8132 2
8133 2
8134 2
8135 2
8136 1
8137 2
8138 1
8139 1
8140 2
8141 1
8142 2
8143 2
8144 2
8145 2
8146 2
8147 2
8148 2
8149 2
8150 1
8151 2
8152 2
8153 2
8154 2
8155 2
8156 2
8157 1
8158 2
8159 2
8160 2
8161 2
8162 2
8163 1
8164 2
8165 2
8166 2
8167 1
8168 1
8169 2
8170 2
8171 2
8172 2
8173 2
8174 2
8175 2
8176 1
8177 1
8178 1
8179 2
8180 2
8181 2
8182 2
8183 2
8184 2
8185 1
8186 2
8187 1
8188 2
8189 2
8190 1
8191 1
8192 2
8193 1
8194 1
8195 2
8196 1
8197 2
8198 2
8199 2
8200 2
8201 1
8202 1
8203 2
8204 2
8205 2
8206 1
8207 2
8208 1
8209 1
8210 2
8211 1
8212 2
8213 2
8214 2
8215 1
8216 2
8217 1
8218 2
8219 2
8220 2
8221 2
8222 1
8223 2
8224 1
8225 2
8226 2
8227 2
8228 2
8229 2
8230 2
8231 2
8232 1
8233 2
8234 2
8235 2
8236 2
8237 2
8238 2
8239 2
8240 2
8241 2
8242 2
8243 1
8244 1
8245 1
8246 2
8247 2
8248 2
8249 2
8250 1
8251 1
8252 2
8253 1
8254 2
8255 1
8256 2
8257 2
8258 2
8259 2
8260 1
8261 2
8262 2
8263 2
8264 2
8265 2
8266 2
8267 1
8268 2
8269 2
8270 1
8271 1
8272 2
8273 2
8274 1
8275 2
8276 2
8277 2
8278 2
8279 2
8280 2
8281 1
8282 1
8283 2
8284 1
8285 1
8286 1
8287 1
8288 2
8289 1
8290 2
8291 1
8292 2
8293 2
8294 2
8295 2
8296 2
8297 1
8298 1
8299 2
8300 2
8301 2
8302 2
8303 1
8304 2
8305 1
8306 2
8307 2
8308 2
8309 1
8310 2
8311 2
8312 2
8313 2
8314 2
8315 1
8316 2
8317 2
8318 2
8319 2
8320 1
8321 2
8322 1
8323 1
8324 2
8325 1
8326 1
8327 2
8328 2
8329 2
8330 1
8331 2
8332 2
8333 1
8334 2
8335 1
8336 2
8337 2
8338 2
8339 2
8340 2
8341 2
8342 2
8343 1
8344 2
8345 2
8346 2
8347 2
8348 1
8349 2
8350 2
8351 2
8352 2
8353 2
8354 2
8355 2
8356 1
8357 1
8358 1
8359 2
8360 2
8361 1
8362 2
8363 2
8364 1
8365 1
8366 1
8367 2
8368 1
8369 1
8370 1
8371 2
8372 2
8373 1
8374 2
8375 2
8376 2
8377 2
8378 2
8379 1
8380 2
8381 1
8382 1
8383 2
8384 2
8385 1
8386 2
8387 1
8388 1
8389 1
8390 2
8391 2
8392 2
8393 2
8394 2
8395 2
8396 1
8397 2
8398 2
8399 2
8400 2
8401 1
8402 2
8403 2
8404 1
8405 2
8406 1
8407 2
8408 1
8409 1
8410 1
8411 2
8412 2
8413 2
8414 2
8415 2
8416 1
8417 2
8418 2
8419 2
8420 2
8421 2
8422 1
8423 2
8424 2
8425 2
8426 2
8427 2
8428 2
8429 2
8430 2
8431 1
8432 1
8433 2
8434 1
8435 2
8436 2
8437 1
8438 2
8439 1
8440 2
8441 2
8442 2
8443 2
8444 2
8445 1
8446 2
8447 2
8448 1
8449 2
8450 2
8451 1
8452 2
8453 2
8454 1
8455 2
8456 2
8457 1
8458 2
8459 1
8460 1
8461 1
8462 2
8463 2
8464 2
8465 2
8466 1
8467 2
8468 2
8469 1
8470 2
8471 2
8472 2
8473 2
8474 2
8475 1
8476 2
8477 2
8478 2
8479 2
8480 1
8481 2
8482 2
8483 1
8484 2
8485 2
8486 1
8487 2
8488 1
8489 2
8490 2
8491 1
8492 1
8493 2
8494 2
8495 2
8496 2
8497 2
8498 1
8499 2
8500 2
8501 1
8502 1
8503 1
8504 2
8505 2
8506 1
8507 2
8508 1
8509 2
8510 1
8511 1
8512 1
8513 2
8514 2
8515 2
8516 1
8517 1
8518 2
8519 1
8520 1
8521 2
8522 2
8523 2
8524 1
8525 1
8526 1
8527 2
8528 1
8529 2
8530 1
8531 1
8532 2
8533 1
8534 2
8535 1
8536 2
8537 1
8538 1
8539 2
8540 2
8541 2
8542 2
8543 2
8544 1
8545 2
8546 2
8547 2
8548 2
8549 1
8550 2
8551 2
8552 2
8553 1
8554 2
8555 2
8556 2
8557 2
8558 2
8559 2
8560 2
8561 2
8562 2
8563 2
8564 1
8565 2
8566 1
8567 2
8568 2
8569 2
8570 2
8571 2
8572 1
8573 2
8574 1
8575 1
8576 2
8577 2
8578 2
8579 2
8580 2
8581 1
8582 2
8583 2
8584 2
8585 2
8586 2
8587 2
8588 2
8589 2
8590 1
8591 1
8592 1
8593 2
8594 2
8595 1
8596 2
8597 2
8598 1
8599 2
8600 1
8601 1
8602 2
8603 2
8604 2
8605 2
8606 2
8607 2
8608 2
8609 1
8610 2
8611 2
8612 2
8613 1
8614 2
8615 2
8616 1
8617 2
8618 2
8619 1
8620 2
8621 1
8622 1
8623 1
8624 2
8625 2
8626 1
8627 2
8628 2
8629 2
8630 2
8631 2
8632 2
8633 1
8634 2
8635 1
8636 2
8637 1
8638 2
8639 2
8640 2
8641 2
8642 2
8643 1
8644 2
8645 2
8646 2
8647 2
8648 1
8649 2
8650 1
8651 2
8652 2
8653 2
8654 1
8655 1
8656 2
8657 2
8658 2
8659 1
8660 1
8661 1
8662 2
8663 1
8664 2
8665 2
8666 2
8667 1
8668 2
8669 2
8670 1
8671 1
8672 2
8673 1
8674 1
8675 2
8676 1
8677 2
8678 2
8679 2
8680 1
8681 2
8682 2
8683 2
8684 2
8685 2
8686 2
8687 2
8688 1
8689 2
8690 2
8691 1
8692 2
8693 2
8694 2
8695 1
8696 2
8697 2
8698 2
8699 2
8700 2
8701 1
8702 1
8703 1
8704 2
8705 2
8706 2
8707 2
8708 2
8709 1
8710 1
8711 1
8712 2
8713 2
8714 1
8715 1
8716 2
8717 2
8718 1
8719 2
8720 2
8721 2
8722 2
8723 1
8724 2
8725 1
8726 2
8727 2
8728 2
8729 1
8730 1
8731 2
8732 2
8733 1
8734 2
8735 2
8736 2
8737 2
8738 2
8739 2
8740 2
8741 2
8742 2
8743 2
8744 2
8745 1
8746 1
8747 2
8748 1
8749 2
8750 2
8751 2
8752 1
8753 2
8754 1
8755 2
8756 1
8757 1
8758 1
8759 1
8760 2
8761 2
8762 1
8763 2
8764 1
8765 2
8766 1
8767 1
8768 2
8769 2
8770 2
8771 2
8772 2
8773 1
8774 2
8775 1
8776 2
8777 1
8778 2
8779 2
8780 2
8781 1
8782 2
8783 1
8784 2
8785 2
8786 1
8787 1
8788 2
8789 2
8790 2
8791 1
8792 2
8793 2
8794 2
8795 2
8796 1
8797 2
8798 2
8799 2
8800 2
8801 2
8802 2
8803 2
8804 2
8805 2
8806 2
8807 2
8808 2
8809 2
8810 2
8811 2
8812 2
8813 2
8814 1
8815 1
8816 2
8817 2
8818 2
8819 2
8820 2
8821 2
8822 2
8823 2
8824 2
8825 1
8826 1
8827 1
8828 2
8829 1
8830 2
8831 1
8832 2
8833 2
8834 2
8835 1
8836 1
8837 2
8838 1
8839 2
8840 2
8841 1
8842 2
8843 1
8844 1
8845 2
8846 2
8847 2
8848 1
8849 2
8850 1
8851 1
8852 2
8853 2
8854 2
8855 2
8856 1
8857 2
8858 2
8859 2
8860 1
8861 2
8862 1
8863 2
8864 2
8865 2
8866 2
8867 1
8868 1
8869 2
8870 2
8871 2
8872 2
8873 2
8874 1
8875 2
8876 1
8877 2
8878 2
8879 2
8880 1
8881 1
8882 2
8883 2
8884 2
8885 1
8886 1
8887 2
8888 2
8889 2
8890 1
8891 2
8892 1
8893 2
8894 2
8895 2
8896 2
8897 2
8898 1
8899 1
8900 2
8901 2
8902 2
8903 1
8904 2
8905 1
8906 1
8907 2
8908 2
8909 1
8910 1
8911 1
8912 2
8913 1
8914 2
8915 1
8916 1
8917 2
8918 2
8919 2
8920 2
8921 2
8922 1
8923 2
8924 1
8925 2
8926 2
8927 2
8928 2
8929 1
8930 2
8931 2
8932 2
8933 2
8934 2
8935 1
8936 2
8937 2
8938 2
8939 1
8940 1
8941 2
8942 2
8943 2
8944 1
8945 2
8946 1
8947 1
8948 2
8949 2
8950 2
8951 2
8952 2
8953 2
8954 2
8955 1
8956 1
8957 1
8958 1
8959 1
8960 2
8961 2
8962 2
8963 2
8964 2
8965 1
8966 2
8967 2
8968 1
8969 1
8970 2
8971 2
8972 2
8973 1
8974 2
8975 2
8976 2
8977 2
8978 1
8979 1
8980 2
8981 1
8982 1
8983 2
8984 2
8985 2
8986 2
8987 2
8988 1
8989 2
8990 2
8991 2
8992 1
8993 2
8994 1
8995 2
8996 2
8997 2
8998 1
8999 2
9000 2
9001 1
9002 1
9003 1
9004 2
9005 2
9006 2
9007 1
9008 2
9009 1
9010 2
9011 1
9012 1
9013 1
9014 1
9015 2
9016 2
9017 1
9018 1
9019 2
9020 2
9021 2
9022 2
9023 2
9024 2
9025 2
9026 1
9027 2
9028 1
9029 2
9030 1
9031 1
9032 2
9033 2
9034 2
9035 1
9036 2
9037 2
9038 2
9039 2
9040 1
9041 2
9042 2
9043 2
9044 2
9045 2
9046 1
9047 1
9048 1
9049 2
9050 1
9051 2
9052 2
9053 1
9054 1
9055 2
9056 2
9057 1
9058 1
9059 1
9060 2
9061 2
9062 2
9063 2
9064 2
9065 1
9066 2
9067 2
9068 2
9069 2
9070 2
9071 1
9072 1
9073 2
9074 2
9075 2
9076 2
9077 2
9078 2
9079 2
9080 2
9081 2
9082 2
9083 2
9084 2
9085 2
9086 2
9087 1
9088 2
9089 2
9090 2
9091 2
9092 1
9093 1
9094 2
9095 2
9096 2
9097 2
9098 2
9099 2
9100 2
9101 2
9102 1
9103 1
9104 2
9105 1
9106 2
9107 2
9108 2
9109 2
9110 2
9111 2
9112 2
9113 1
9114 2
9115 2
9116 2
9117 2
9118 2
9119 2
9120 2
9121 2
9122 2
9123 2
9124 2
9125 2
9126 2
9127 2
9128 1
9129 2
9130 1
9131 2
9132 2
9133 2
9134 1
9135 2
9136 2
9137 2
9138 2
9139 2
9140 1
9141 2
9142 1
9143 2
9144 2
9145 2
9146 2
9147 2
9148 2
9149 1
9150 2
9151 1
9152 2
9153 1
9154 1
9155 2
9156 1
9157 1
9158 1
9159 2
9160 1
9161 2
9162 2
9163 2
9164 2
9165 1
9166 2
9167 2
9168 1
9169 2
9170 2
9171 1
9172 2
9173 1
9174 2
9175 2
9176 1
9177 2
9178 2
9179 1
9180 2
9181 2
9182 2
9183 1
9184 2
9185 2
9186 2
9187 2
9188 1
9189 1
9190 1
9191 2
9192 2
9193 2
9194 2
9195 2
9196 2
9197 1
9198 2
9199 2
9200 1
9201 1
9202 2
9203 2
9204 2
9205 1
9206 1
9207 2
9208 1
9209 2
9210 1
9211 1
9212 2
9213 1
9214 2
9215 2
9216 2
9217 2
9218 2
9219 2
9220 2
9221 2
9222 2
9223 2
9224 2
9225 2
9226 2
9227 2
9228 2
9229 2
9230 2
9231 2
9232 2
9233 2
9234 2
9235 1
9236 1
9237 2
9238 1
9239 2
9240 2
9241 2
9242 1
9243 2
9244 1
9245 1
9246 2
9247 1
9248 1
9249 2
9250 2
9251 1
9252 2
9253 2
9254 1
9255 2
9256 2
9257 1
9258 1
9259 1
9260 2
9261 2
9262 2
9263 2
9264 1
9265 2
9266 2
9267 1
9268 1
9269 1
9270 2
9271 2
9272 1
9273 2
9274 2
9275 1
9276 2
9277 2
9278 2
9279 2
9280 2
9281 2
9282 1
9283 1
9284 2
9285 2
9286 2
9287 2
9288 1
9289 2
9290 1
9291 2
9292 2
9293 2
9294 2
9295 2
9296 2
9297 2
9298 1
9299 2
9300 2
9301 2
9302 2
9303 2
9304 2
9305 2
9306 2
9307 1
9308 2
9309 2
9310 2
9311 2
9312 1
9313 2
9314 2
9315 2
9316 2
9317 2
9318 2
9319 2
9320 1
9321 2
9322 2
9323 2
9324 1
9325 1
9326 2
9327 2
9328 2
9329 1
9330 2
9331 2
9332 1
9333 2
9334 1
9335 2
9336 2
9337 2
9338 1
9339 2
9340 1
9341 2
9342 1
9343 1
9344 1
9345 2
9346 2
9347 1
9348 1
9349 2
9350 2
9351 2
9352 2
9353 1
9354 2
9355 2
9356 1
9357 2
9358 2
9359 2
9360 1
9361 1
9362 2
9363 2
9364 1
9365 1
9366 1
9367 1
9368 2
9369 2
9370 2
9371 2
9372 2
9373 2
9374 2
9375 2
9376 1
9377 2
9378 1
9379 1
9380 1
9381 2
9382 2
9383 1
9384 2
9385 2
9386 2
9387 1
9388 1
9389 2
9390 2
9391 2
9392 1
9393 2
9394 1
9395 2
9396 2
9397 2
9398 1
9399 2
9400 1
9401 1
9402 2
9403 1
9404 2
9405 2
9406 2
9407 1
9408 2
9409 1
9410 2
9411 2
9412 1
9413 1
9414 1
9415 1
9416 2
9417 2
9418 1
9419 1
9420 2
9421 2
9422 1
9423 2
9424 1
9425 2
9426 2
9427 2
9428 2
9429 2
9430 1
9431 1
9432 1
9433 1
9434 2
9435 1
9436 2
9437 2
9438 2
9439 1
9440 2
9441 2
9442 1
9443 1
9444 2
9445 2
9446 2
9447 2
9448 1
9449 2
9450 1
9451 2
9452 2
9453 1
9454 1
9455 2
9456 2
9457 2
9458 2
9459 2
9460 2
9461 2
9462 1
9463 2
9464 2
9465 1
9466 1
9467 2
9468 2
9469 2
9470 1
9471 2
9472 2
9473 1
9474 2
9475 1
9476 2
9477 1
9478 2
9479 2
9480 2
9481 2
9482 2
9483 2
9484 2
9485 1
9486 2
9487 2
9488 2
9489 2
9490 2
9491 2
9492 2
9493 2
9494 2
9495 1
9496 1
9497 2
9498 1
9499 2
9500 2
9501 2
9502 1
9503 1
9504 2
9505 2
9506 1
9507 2
9508 2
9509 2
9510 2
9511 2
9512 1
9513 2
9514 1
9515 2
9516 1
9517 2
9518 2
9519 1
9520 2
9521 2
9522 2
9523 2
9524 2
9525 2
9526 2
9527 1
9528 1
9529 2
9530 1
9531 2
9532 2
9533 2
9534 1
9535 1
9536 1
9537 2
9538 2
9539 2
9540 2
9541 2
9542 2
9543 1
9544 2
9545 2
9546 2
9547 2
9548 1
9549 2
9550 2
9551 2
9552 2
9553 2
9554 2
9555 1
9556 2
9557 2
9558 2
9559 2
9560 2
9561 1
9562 2
9563 1
9564 1
9565 1
9566 2
9567 2
9568 1
9569 1
9570 2
9571 1
9572 2
9573 2
9574 2
9575 2
9576 1
9577 2
9578 2
9579 1
9580 2
9581 2
9582 2
9583 2
9584 2
9585 1
9586 2
9587 2
9588 2
9589 2
9590 2
9591 2
9592 2
9593 2
9594 2
9595 2
9596 2
9597 2
9598 1
9599 1
9600 2
9601 1
9602 2
9603 1
9604 1
9605 2
9606 2
9607 2
9608 1
9609 2
9610 2
9611 2
9612 1
9613 2
9614 1
9615 2
9616 2
9617 1
9618 2
9619 1
9620 2
9621 2
9622 2
9623 2
9624 1
9625 1
9626 2
9627 2
9628 2
9629 2
9630 1
9631 2
9632 1
9633 1
9634 2
9635 2
9636 2
9637 1
9638 2
9639 2
9640 2
9641 2
9642 2
9643 2
9644 1
9645 2
9646 2
9647 2
9648 1
9649 1
9650 2
9651 1
9652 2
9653 2
9654 1
9655 2
9656 1
9657 2
9658 2
9659 1
9660 1
9661 1
9662 2
9663 2
9664 2
9665 2
9666 1
9667 1
9668 2
9669 2
9670 1
9671 1
9672 2
9673 2
9674 1
9675 1
9676 2
9677 2
9678 2
9679 1
9680 2
9681 2
9682 2
9683 2
9684 2
9685 2
9686 1
9687 2
9688 1
9689 1
9690 2
9691 1
9692 1
9693 2
9694 2
9695 1
9696 2
9697 2
9698 2
9699 2
9700 2
9701 1
9702 2
9703 1
9704 2
9705 2
9706 2
9707 2
9708 2
9709 2
9710 1
9711 1
9712 2
9713 2
9714 2
9715 1
9716 2
9717 2
9718 1
9719 1
9720 1
9721 2
9722 2
9723 2
9724 2
9725 1
9726 2
9727 2
9728 2
9729 2
9730 2
9731 1
9732 2
9733 2
9734 2
9735 2
9736 2
9737 1
9738 2
9739 2
9740 2
9741 2
9742 2
9743 2
9744 1
9745 1
9746 2
9747 1
9748 1
9749 1
9750 1
9751 2
9752 1
9753 1
9754 2
9755 2
9756 2
9757 1
9758 2
9759 2
9760 2
9761 2
9762 2
9763 1
9764 2
9765 2
9766 2
9767 2
9768 1
9769 1
9770 1
9771 2
9772 1
9773 1
9774 1
9775 2
9776 2
9777 2
9778 2
9779 2
9780 2
9781 2
9782 1
9783 1
9784 1
9785 2
9786 1
9787 2
9788 2
9789 1
9790 2
9791 2
9792 2
9793 2
9794 2
9795 2
9796 1
9797 1
9798 2
9799 2
9800 2
9801 1
9802 1
9803 2
9804 2
9805 2
9806 1
9807 2
9808 1
9809 2
9810 2
9811 1
9812 2
9813 2
9814 1
9815 2
9816 2
9817 2
9818 2
9819 2
9820 2
9821 2
9822 1
9823 2
9824 1
9825 2
9826 2
9827 1
9828 2
9829 1
9830 2
9831 2
9832 1
9833 2
9834 1
9835 1
9836 2
9837 2
9838 2
9839 2
9840 2
9841 2
9842 2
9843 1
9844 2
9845 2
9846 1
9847 2
9848 2
9849 2
9850 2
9851 2
9852 1
9853 2
9854 1
9855 1
9856 1
9857 1
9858 1
9859 2
9860 1
9861 1
9862 2
9863 2
9864 1
9865 2
9866 2
9867 2
9868 2
9869 1
9870 2
9871 2
9872 2
9873 1
9874 1
9875 2
9876 2
9877 1
9878 2
9879 2
9880 1
9881 2
9882 2
9883 2
9884 2
9885 1
9886 1
9887 1
9888 2
9889 1
9890 1
9891 2
9892 1
9893 1
9894 1
9895 1
9896 1
9897 2
9898 1
9899 2
9900 1
9901 1
9902 2
9903 1
9904 2
9905 1
9906 1
9907 2
9908 1
9909 2
9910 2
9911 1
9912 1
9913 2
9914 1
9915 1
9916 2
9917 1
9918 1
9919 2
9920 2
9921 2
9922 2
9923 2
9924 2
9925 1
9926 2
9927 2
9928 2
9929 2
9930 2
9931 1
9932 2
9933 2
9934 2
9935 2
9936 2
9937 1
9938 2
9939 2
9940 2
9941 2
9942 2
9943 1
9944 2
9945 2
9946 2
9947 1
9948 1
9949 2
9950 2
9951 1
9952 2
9953 2
9954 2
9955 1
9956 2
9957 2
9958 1
9959 2
9960 2
9961 2
9962 2
9963 2
9964 1
9965 1
9966 2
9967 1
9968 2
9969 2
9970 2
9971 2
9972 1
9973 2
9974 1
9975 2
9976 2
9977 1
9978 1
9979 1
9980 2
9981 2
9982 1
9983 2
9984 2
9985 1
9986 1
9987 2
9988 2
9989 1
9990 1
9991 2
9992 1
9993 2
9994 2
9995 2
9996 2
9997 2
9998 2
9999 2
10000 2
