1 1
2 1
3 1
4 1
5 2
6 1
7 2
8 2
9 2
10 2
11 1
12 1
13 2
14 2
15 1
16 2
17 1
18 2
19 1
20 1
21 1
22 2
23 1
24 1
25 1
26 2
27 1
28 1
29 1
30 1
31 1
32 1
33 1
34 2
35 1
36 1
37 2
38 2
39 2
40 2
41 1
42 1
43 1
44 2
45 1
46 1
47 2
48 2
49 1
50 1
51 1
52 2
53 1
54 1
55 2
56 1
57 1
58 2
59 1
60 1
61 1
62 1
63 2
64 2
65 1
66 1
67 1
68 1
69 2
70 2
71 2
72 2
73 2
74 2
75 2
76 1
77 1
78 1
79 2
80 2
81 1
82 1
83 1
84 1
85 1
86 1
87 2
88 1
89 1
90 1
91 1
92 1
93 1
94 1
95 2
96 1
97 1
98 2
99 2
100 1
101 1
102 1
103 1
104 2
105 1
106 2
107 1
108 1
109 1
110 1
111 1
112 2
113 1
114 2
115 1
116 2
117 1
118 1
119 1
120 2
121 1
122 1
123 1
124 1
125 1
126 1
127 1
128 2
129 1
130 1
131 2
132 1
133 2
134 1
135 1
136 1
137 2
138 1
139 2
140 2
141 1
142 1
143 2
144 1
145 1
146 1
147 1
148 1
149 2
150 1
151 1
152 1
153 2
154 2
155 1
156 1
157 1
158 2
159 1
160 2
161 1
162 1
163 1
164 1
165 2
166 1
167 1
168 1
169 2
170 1
171 1
172 2
173 2
174 1
175 2
176 2
177 2
178 1
179 1
180 1
181 1
182 1
183 2
184 1
185 1
186 2
187 1
188 1
189 1
190 1
191 1
192 1
193 1
194 2
195 1
196 1
197 1
198 1
199 1
200 1
201 1
202 1
203 2
204 1
205 1
206 2
207 1
208 1
209 2
210 1
211 1
212 1
213 2
214 2
215 1
216 2
217 1
218 1
219 1
220 1
221 2
222 1
223 1
224 2
225 1
226 1
227 1
228 1
229 2
230 1
231 1
232 1
233 1
234 1
235 1
236 2
237 1
238 1
239 2
240 1
241 1
242 2
243 1
244 1
245 1
246 1
247 1
248 1
249 1
250 1
251 2
252 1
253 2
254 1
255 2
256 1
257 1
258 1
259 1
260 2
261 2
262 1
263 1
264 1
265 1
266 2
267 2
268 1
269 1
270 1
271 1
272 2
273 1
274 2
275 2
276 2
277 1
278 1
279 1
280 1
281 1
282 2
283 1
284 2
285 1
286 2
287 2
288 2
289 1
290 1
291 1
292 2
293 2
294 2
295 1
296 1
297 2
298 1
299 1
300 1
301 2
302 1
303 2
304 1
305 1
306 2
307 1
308 1
309 1
310 2
311 2
312 1
313 2
314 1
315 1
316 1
317 1
318 2
319 1
320 1
321 1
322 1
323 1
324 1
325 2
326 1
327 1
328 1
329 1
330 1
331 2
332 1
333 2
334 1
335 1
336 1
337 2
338 2
339 1
340 1
341 1
342 2
343 1
344 1
345 1
346 2
347 1
348 1
349 1
350 1
351 1
352 1
353 1
354 1
355 1
356 1
357 2
358 1
359 2
360 1
361 2
362 1
363 1
364 2
365 1
366 2
367 2
368 1
369 1
370 2
371 1
372 1
373 2
374 1
375 1
376 1
377 1
378 2
379 1
380 1
381 2
382 1
383 1
384 1
385 1
386 2
387 2
388 1
389 2
390 1
391 1
392 2
393 1
394 1
395 1
396 1
397 2
398 1
399 1
400 1
401 1
402 2
403 1
404 1
405 2
406 1
407 1
408 2
409 1
410 1
411 1
412 1
413 1
414 2
415 1
416 1
417 1
418 2
419 1
420 2
421 1
422 2
423 2
424 2
425 1
426 1
427 2
428 1
429 2
430 1
431 2
432 1
433 2
434 2
435 1
436 1
437 1
438 1
439 2
440 2
441 1
442 2
443 2
444 1
445 2
446 1
447 2
448 2
449 2
450 2
451 2
452 1
453 1
454 1
455 1
456 2
457 2
458 1
459 1
460 1
461 1
462 1
463 1
464 1
465 2
466 1
467 1
468 2
469 1
470 2
471 2
472 1
473 1
474 1
475 2
476 1
477 1
478 2
479 1
480 1
481 2
482 1
483 1
484 1
485 1
486 1
487 1
488 1
489 1
490 1
491 1
492 1
493 1
494 1
495 2
496 1
497 1
498 2
499 1
500 2
501 2
502 1
503 2
504 1
505 1
506 1
507 1
508 2
509 1
510 1
511 1
512 1
513 2
514 2
515 1
516 1
517 1
518 2
519 2
520 2
521 1
522 1
523 2
524 2
525 2
526 1
527 2
528 2
529 2
530 1
531 1
532 2
533 2
534 1
535 1
536 1
537 2
538 1
539 2
540 1
541 1
542 1
543 2
544 1
545 2
546 2
547 2
548 1
549 2
550 1
551 2
552 1
553 1
554 1
555 1
556 2
557 1
558 2
559 1
560 1
561 1
562 1
563 1
564 1
565 2
566 2
567 2
568 1
569 1
570 1
571 2
572 2
573 1
574 1
575 2
576 2
577 1
578 2
579 1
580 1
581 2
582 2
583 1
584 1
585 1
586 1
587 1
588 1
589 1
590 2
591 2
592 1
593 1
594 1
595 1
596 1
597 1
598 2
599 1
600 2
601 1
602 1
603 1
604 1
605 2
606 1
607 2
608 1
609 2
610 1
611 2
612 2
613 1
614 2
615 1
616 1
617 1
618 1
619 1
620 1
621 1
622 2
623 2
624 1
625 2
626 1
627 1
628 2
629 1
630 1
631 2
632 1
633 1
634 2
635 1
636 1
637 2
638 2
639 2
640 1
641 1
642 2
643 1
644 2
645 2
646 1
647 2
648 1
649 1
650 2
651 1
652 1
653 1
654 1
655 1
656 1
657 1
658 1
659 1
660 1
661 1
662 1
663 2
664 1
665 1
666 1
667 1
668 1
669 2
670 2
671 1
672 1
673 2
674 1
675 1
676 1
677 2
678 1
679 1
680 2
681 1
682 1
683 1
684 1
685 1
686 2
687 2
688 1
689 1
690 1
691 1
692 2
693 1
694 2
695 2
696 2
697 1
698 1
699 2
700 2
701 1
702 1
703 1
704 1
705 1
706 2
707 2
708 2
709 1
710 2
711 1
712 1
713 1
714 1
715 1
716 1
717 1
718 2
719 2
720 1
721 1
722 1
723 2
724 1
725 2
726 2
727 1
728 1
729 2
730 2
731 2
732 1
733 1
734 2
735 2
736 1
737 2
738 1
739 1
740 1
741 1
742 1
743 2
744 2
745 1
746 1
747 1
748 1
749 1
750 1
751 1
752 1
753 1
754 1
755 2
756 1
757 1
758 1
759 1
760 1
761 1
762 1
763 1
764 2
765 2
766 1
767 2
768 2
769 2
770 2
771 2
772 2
773 1
774 1
775 1
776 1
777 2
778 2
779 1
780 1
781 1
782 1
783 1
784 1
785 1
786 1
787 1
788 1
789 2
790 1
791 2
792 1
793 2
794 2
795 1
796 1
797 1
798 1
799 2
800 1
801 1
802 1
803 1
804 1
805 1
806 1
807 2
808 1
809 1
810 2
811 1
812 1
813 1
814 2
815 2
816 1
817 2
818 2
819 1
820 2
821 1
822 1
823 1
824 1
825 1
826 1
827 1
828 1
829 1
830 2
831 1
832 1
833 1
834 1
835 1
836 1
837 2
838 2
839 1
840 1
841 2
842 2
843 1
844 1
845 1
846 2
847 1
848 2
849 1
850 1
851 1
852 2
853 1
854 1
855 2
856 2
857 2
858 1
859 1
860 1
861 2
862 2
863 1
864 1
865 1
866 1
867 1
868 2
869 2
870 1
871 1
872 1
873 2
874 2
875 1
876 2
877 2
878 1
879 1
880 1
881 1
882 1
883 1
884 1
885 2
886 1
887 1
888 2
889 1
890 2
891 1
892 1
893 2
894 1
895 1
896 1
897 1
898 1
899 1
900 2
901 1
902 1
903 2
904 1
905 2
906 1
907 1
908 2
909 1
910 1
911 1
912 2
913 2
914 1
915 2
916 2
917 1
918 1
919 2
920 1
921 1
922 2
923 2
924 2
925 2
926 1
927 2
928 1
929 2
930 1
931 2
932 2
933 2
934 1
935 2
936 2
937 1
938 2
939 2
940 1
941 1
942 1
943 1
944 1
945 1
946 2
947 1
948 1
949 1
950 2
951 1
952 2
953 2
954 1
955 1
956 1
957 1
958 1
959 1
960 1
961 1
962 1
963 1
964 2
965 1
966 1
967 1
968 2
969 2
970 1
971 2
972 1
973 2
974 2
975 2
976 1
977 2
978 2
979 1
980 2
981 1
982 2
983 2
984 1
985 1
986 1
987 1
988 1
989 2
990 1
991 1
992 2
993 2
994 2
995 2
996 1
997 1
998 2
999 1
1000 1
1001 2
1002 2
1003 1
1004 2
1005 1
1006 1
1007 2
1008 1
1009 1
1010 1
1011 1
1012 1
1013 2
1014 2
1015 1
1016 1
1017 1
1018 1
1019 2
1020 1
1021 2
1022 2
1023 1
1024 2
1025 2
1026 2
1027 1
1028 2
1029 1
1030 1
1031 2
1032 1
1033 1
1034 1
1035 2
1036 1
1037 2
1038 1
1039 2
1040 1
1041 1
1042 1
1043 1
1044 2
1045 1
1046 2
1047 1
1048 2
1049 1
1050 1
1051 1
1052 1
1053 1
1054 2
1055 2
1056 2
1057 1
1058 1
1059 1
1060 2
1061 1
1062 1
1063 1
1064 1
1065 1
1066 1
1067 1
1068 1
1069 1
1070 1
1071 1
1072 2
1073 1
1074 1
1075 1
1076 1
1077 2
1078 2
1079 1
1080 1
1081 1
1082 2
1083 1
1084 1
1085 1
1086 1
1087 1
1088 2
1089 2
1090 1
1091 2
1092 1
1093 2
1094 1
1095 2
1096 2
1097 1
1098 1
1099 2
1100 1
1101 1
1102 2
1103 1
1104 2
1105 1
1106 2
1107 2
1108 1
1109 1
1110 1
1111 2
1112 1
1113 1
1114 1
1115 1
1116 1
1117 2
1118 1
1119 2
1120 1
1121 1
1122 2
1123 2
1124 2
1125 2
1126 1
1127 1
1128 2
1129 2
1130 2
1131 1
1132 1
1133 1
1134 1
1135 2
1136 1
1137 1
1138 1
1139 1
1140 1
1141 1
1142 2
1143 1
1144 2
1145 1
1146 2
1147 2
1148 1
1149 1
1150 2
1151 1
1152 1
1153 1
1154 1
1155 1
1156 1
1157 2
1158 1
1159 1
1160 1
1161 2
1162 1
1163 1
1164 2
1165 2
1166 1
1167 2
1168 1
1169 1
1170 1
1171 1
1172 2
1173 2
1174 1
1175 1
1176 1
1177 1
1178 1
1179 1
1180 2
1181 2
1182 1
1183 1
1184 2
1185 1
1186 1
1187 1
1188 1
1189 1
1190 1
1191 2
1192 2
1193 2
1194 2
1195 2
1196 1
1197 1
1198 1
1199 1
1200 1
1201 1
1202 1
1203 1
1204 1
1205 2
1206 2
1207 2
1208 1
1209 1
1210 1
1211 2
1212 1
1213 2
1214 1
1215 1
1216 1
1217 1
1218 1
1219 2
1220 1
1221 2
1222 2
1223 1
1224 1
1225 1
1226 1
1227 1
1228 2
1229 1
1230 1
1231 2
1232 1
1233 2
1234 1
1235 2
1236 1
1237 1
1238 1
1239 1
1240 2
1241 1
1242 1
1243 1
1244 2
1245 1
1246 1
1247 2
1248 2
1249 1
1250 2
1251 1
1252 1
1253 1
1254 2
1255 1
1256 2
1257 2
1258 2
1259 2
1260 2
1261 1
1262 1
1263 1
1264 1
1265 1
1266 2
1267 2
1268 1
1269 2
1270 1
1271 1
1272 2
1273 1
1274 1
1275 2
1276 1
1277 1
1278 1
1279 2
1280 2
1281 1
1282 1
1283 1
1284 1
1285 1
1286 2
1287 2
1288 2
1289 2
1290 2
1291 2
1292 2
1293 1
1294 2
1295 2
1296 1
1297 2
1298 1
1299 2
1300 1
1301 2
1302 1
1303 2
1304 1
1305 1
1306 1
1307 1
1308 2
1309 2
1310 1
1311 2
1312 2
1313 1
1314 2
1315 1
1316 1
1317 1
1318 1
1319 2
1320 1
1321 2
1322 2
1323 2
1324 1
1325 2
1326 2
1327 1
1328 2
1329 2
1330 1
1331 2
1332 2
1333 1
1334 1
1335 1
1336 2
1337 2
1338 1
1339 1
1340 2
1341 1
1342 2
1343 2
1344 1
1345 2
1346 1
1347 1
1348 1
1349 2
1350 1
1351 1
1352 2
1353 1
1354 1
1355 2
1356 1
1357 2
1358 1
1359 2
1360 1
1361 1
1362 1
1363 2
1364 1
1365 2
1366 1
1367 1
1368 1
1369 1
1370 1
1371 2
1372 2
1373 2
1374 1
1375 1
1376 1
1377 2
1378 1
1379 2
1380 1
1381 1
1382 2
1383 2
1384 1
1385 2
1386 1
1387 1
1388 1
1389 1
1390 2
1391 1
1392 2
1393 2
1394 1
1395 1
1396 1
1397 1
1398 1
1399 2
1400 2
1401 1
1402 1
1403 1
1404 2
1405 2
1406 1
1407 2
1408 1
1409 1
1410 1
1411 1
1412 1
1413 1
1414 2
1415 2
1416 1
1417 2
1418 1
1419 2
1420 1
1421 1
1422 1
1423 2
1424 1
1425 2
1426 2
1427 1
1428 1
1429 1
1430 1
1431 1
1432 1
1433 1
1434 2
1435 2
1436 1
1437 1
1438 2
1439 2
1440 2
1441 1
1442 1
1443 2
1444 1
1445 1
1446 2
1447 2
1448 1
1449 1
1450 1
1451 1
1452 1
1453 1
1454 2
1455 1
1456 1
1457 1
1458 1
1459 2
1460 1
1461 1
1462 1
1463 1
1464 1
1465 2
1466 2
1467 1
1468 1
1469 1
1470 1
1471 1
1472 1
1473 1
1474 2
1475 1
1476 1
1477 1
1478 1
1479 1
1480 2
1481 1
1482 1
1483 1
1484 2
1485 1
1486 1
1487 1
1488 2
1489 1
1490 2
1491 1
1492 2
1493 1
1494 1
1495 1
1496 1
1497 2
1498 1
1499 1
1500 1
1501 1
1502 2
1503 1
1504 2
1505 1
1506 1
1507 1
1508 1
1509 1
1510 2
1511 1
1512 1
1513 2
1514 1
1515 2
1516 1
1517 1
1518 2
1519 2
1520 2
1521 1
1522 2
1523 1
1524 1
1525 1
1526 1
1527 1
1528 1
1529 2
1530 1
1531 1
1532 1
1533 1
1534 1
1535 1
1536 1
1537 1
1538 1
1539 1
1540 1
1541 1
1542 2
1543 1
1544 1
1545 1
1546 2
1547 2
1548 1
1549 2
1550 2
1551 2
1552 2
1553 1
1554 2
1555 2
1556 1
1557 1
1558 2
1559 1
1560 1
1561 2
1562 2
1563 1
1564 1
1565 2
1566 1
1567 1
1568 1
1569 2
1570 1
1571 2
1572 1
1573 1
1574 1
1575 2
1576 1
1577 1
1578 2
1579 1
1580 1
1581 1
1582 2
1583 2
1584 1
1585 2
1586 2
1587 2
1588 1
1589 1
1590 2
1591 1
1592 2
1593 1
1594 1
1595 1
1596 2
1597 1
1598 1
1599 1
1600 1
1601 1
1602 1
1603 1
1604 1
1605 2
1606 2
1607 1
1608 2
1609 2
1610 2
1611 2
1612 2
1613 2
1614 1
1615 1
1616 1
1617 1
1618 1
1619 2
1620 1
1621 1
1622 1
1623 1
1624 1
1625 2
1626 2
1627 1
1628 2
1629 1
1630 2
1631 1
1632 2
1633 1
1634 1
1635 2
1636 1
1637 1
1638 2
1639 1
1640 1
1641 1
1642 1
1643 2
1644 1
1645 2
1646 2
1647 1
1648 2
1649 1
1650 2
1651 1
1652 2
1653 1
1654 2
1655 1
1656 1
1657 1
1658 2
1659 1
1660 1
1661 1
1662 2
1663 1
1664 1
1665 1
1666 1
1667 1
1668 2
1669 2
1670 1
1671 1
1672 2
1673 1
1674 2
1675 1
1676 1
1677 2
1678 1
1679 2
1680 1
1681 1
1682 1
1683 1
1684 2
1685 2
1686 1
1687 1
1688 1
1689 1
1690 2
1691 1
1692 1
1693 2
1694 1
1695 2
1696 2
1697 1
1698 1
1699 2
1700 2
1701 1
1702 2
1703 2
1704 2
1705 1
1706 2
1707 1
1708 1
1709 1
1710 1
1711 1
1712 1
1713 1
1714 2
1715 1
1716 1
1717 2
1718 2
1719 2
1720 1
1721 2
1722 1
1723 2
1724 2
1725 2
1726 2
1727 2
1728 1
1729 1
1730 1
1731 1
1732 2
1733 2
1734 1
1735 1
1736 1
1737 2
1738 1
1739 2
1740 1
1741 1
1742 2
1743 2
1744 2
1745 2
1746 2
1747 2
1748 2
1749 1
1750 1
1751 2
1752 1
1753 1
1754 2
1755 1
1756 1
1757 2
1758 1
1759 1
1760 2
1761 1
1762 2
1763 1
1764 2
1765 1
1766 1
1767 2
1768 1
1769 2
1770 1
1771 2
1772 1
1773 2
1774 1
1775 2
1776 1
1777 1
1778 1
1779 1
1780 2
1781 1
1782 1
1783 1
1784 1
1785 1
1786 2
1787 1
1788 1
1789 2
1790 1
1791 2
1792 1
1793 2
1794 2
1795 1
1796 2
1797 1
1798 2
1799 2
1800 2
1801 1
1802 2
1803 1
1804 1
1805 1
1806 1
1807 1
1808 1
1809 1
1810 1
1811 2
1812 1
1813 1
1814 1
1815 2
1816 1
1817 2
1818 2
1819 2
1820 2
1821 2
1822 2
1823 2
1824 2
1825 1
1826 1
1827 2
1828 2
1829 2
1830 1
1831 1
1832 1
1833 2
1834 1
1835 2
1836 1
1837 2
1838 1
1839 1
1840 2
1841 1
1842 2
1843 1
1844 1
1845 1
1846 1
1847 1
1848 1
1849 1
1850 2
1851 2
1852 1
1853 2
1854 2
1855 1
1856 1
1857 1
1858 2
1859 2
1860 2
1861 1
1862 1
1863 2
1864 1
1865 1
1866 1
1867 1
1868 2
1869 1
1870 2
1871 2
1872 1
1873 1
1874 2
1875 2
1876 2
1877 1
1878 1
1879 1
1880 1
1881 2
1882 2
1883 1
1884 2
1885 2
1886 1
1887 1
1888 1
1889 2
1890 2
1891 1
1892 1
1893 2
1894 2
1895 1
1896 1
1897 1
1898 1
1899 1
1900 2
1901 1
1902 2
1903 1
1904 1
1905 1
1906 2
1907 1
1908 1
1909 2
1910 2
1911 2
1912 1
1913 1
1914 2
1915 2
1916 1
1917 1
1918 1
1919 1
1920 1
1921 1
1922 1
1923 1
1924 2
1925 1
1926 2
1927 1
1928 1
1929 1
1930 2
1931 1
1932 2
1933 1
1934 1
1935 2
1936 1
1937 1
1938 2
1939 2
1940 1
1941 2
1942 2
1943 2
1944 1
1945 1
1946 1
1947 2
1948 1
1949 1
1950 2
1951 1
1952 2
1953 1
1954 2
1955 2
1956 2
1957 1
1958 1
1959 1
1960 1
1961 2
1962 1
1963 1
1964 1
1965 1
1966 1
1967 2
1968 1
1969 1
1970 1
1971 2
1972 1
1973 1
1974 1
1975 1
1976 2
1977 2
1978 1
1979 1
1980 2
1981 1
1982 1
1983 2
1984 2
1985 1
1986 2
1987 2
1988 2
1989 1
1990 2
1991 1
1992 1
1993 1
1994 1
1995 1
1996 2
1997 2
1998 2
1999 2
2000 1
2001 1
2002 1
2003 1
2004 1
2005 1
2006 1
2007 2
2008 2
2009 1
2010 1
2011 1
2012 2
2013 1
2014 2
2015 2
2016 1
2017 1
2018 2
2019 1
2020 1
2021 2
2022 1
2023 1
2024 2
2025 1
2026 1
2027 1
2028 1
2029 1
2030 2
2031 1
2032 2
2033 1
2034 2
2035 1
2036 2
2037 1
2038 2
2039 1
2040 1
2041 1
2042 2
2043 2
2044 2
2045 1
2046 1
2047 2
2048 1
2049 2
2050 2
2051 2
2052 1
2053 1
2054 1
2055 1
2056 1
2057 1
2058 1
2059 1
2060 1
2061 1
2062 1
2063 1
2064 2
2065 2
2066 1
2067 2
2068 2
2069 1
2070 1
2071 1
2072 1
2073 1
2074 1
2075 1
2076 1
2077 2
2078 1
2079 1
2080 2
2081 1
2082 1
2083 1
2084 1
2085 1
2086 1
2087 1
2088 1
2089 2
2090 1
2091 1
2092 2
2093 2
2094 1
2095 2
2096 2
2097 1
2098 1
2099 1
2100 1
2101 2
2102 1
2103 2
2104 2
2105 2
2106 2
2107 1
2108 1
2109 1
2110 2
2111 1
2112 2
2113 1
2114 1
2115 2
2116 2
2117 1
2118 1
2119 2
2120 2
2121 2
2122 1
2123 1
2124 2
2125 2
2126 1
2127 2
2128 1
2129 1
2130 2
2131 1
2132 2
2133 2
2134 1
2135 2
2136 1
2137 2
2138 2
2139 1
2140 1
2141 2
2142 1
2143 1
2144 2
2145 2
2146 1
2147 2
2148 1
2149 1
2150 1
2151 1
2152 1
2153 2
2154 1
2155 2
2156 2
2157 2
2158 1
2159 1
2160 2
2161 1
2162 2
2163 2
2164 1
2165 1
2166 2
2167 2
2168 2
2169 2
2170 1
2171 1
2172 1
2173 1
2174 1
2175 1
2176 1
2177 2
2178 2
2179 1
2180 1
2181 1
2182 1
2183 2
2184 1
2185 1
2186 1
2187 1
2188 1
2189 2
2190 2
2191 1
2192 2
2193 1
2194 2
2195 1
2196 2
2197 2
2198 1
2199 1
2200 2
2201 1
2202 1
2203 1
2204 2
2205 2
2206 1
2207 2
2208 1
2209 2
2210 1
2211 1
2212 2
2213 1
2214 2
2215 1
2216 1
2217 2
2218 1
2219 2
2220 1
2221 2
2222 2
2223 1
2224 2
2225 2
2226 1
2227 1
2228 2
2229 1
2230 1
2231 1
2232 1
2233 1
2234 1
2235 1
2236 1
2237 1
2238 1
2239 1
2240 1
2241 1
2242 1
2243 1
2244 1
2245 2
2246 1
2247 2
2248 1
2249 2
2250 1
2251 2
2252 1
2253 1
2254 1
2255 1
2256 2
2257 1
2258 2
2259 1
2260 1
2261 1
2262 1
2263 2
2264 2
2265 1
2266 1
2267 1
2268 2
2269 1
2270 1
2271 2
2272 2
2273 1
2274 1
2275 2
2276 1
2277 2
2278 1
2279 2
2280 2
2281 2
2282 1
2283 1
2284 2
2285 1
2286 1
2287 2
2288 2
2289 2
2290 1
2291 1
2292 1
2293 2
2294 2
2295 1
2296 1
2297 1
2298 1
2299 2
2300 1
2301 2
2302 1
2303 2
2304 1
2305 1
2306 2
2307 1
2308 1
2309 1
2310 2
2311 2
2312 2
2313 2
2314 2
2315 1
2316 1
2317 1
2318 2
2319 2
2320 1
2321 1
2322 1
2323 1
2324 2
2325 1
2326 2
2327 1
2328 1
2329 2
2330 1
2331 1
2332 1
2333 2
2334 2
2335 1
2336 2
2337 2
2338 2
2339 2
2340 1
2341 1
2342 1
2343 2
2344 2
2345 2
2346 2
2347 2
2348 2
2349 2
2350 1
2351 1
2352 2
2353 2
2354 1
2355 2
2356 2
2357 1
2358 2
2359 1
2360 2
2361 1
2362 1
2363 2
2364 1
2365 1
2366 1
2367 1
2368 2
2369 2
2370 1
2371 1
2372 2
2373 2
2374 1
2375 2
2376 2
2377 2
2378 2
2379 2
2380 1
2381 1
2382 1
2383 1
2384 2
2385 1
2386 2
2387 1
2388 2
2389 2
2390 1
2391 2
2392 1
2393 1
2394 2
2395 2
2396 1
2397 2
2398 2
2399 1
2400 2
2401 1
2402 1
2403 1
2404 2
2405 1
2406 2
2407 1
2408 1
2409 1
2410 1
2411 1
2412 1
2413 1
2414 2
2415 1
2416 1
2417 1
2418 1
2419 1
2420 1
2421 1
2422 1
2423 2
2424 1
2425 2
2426 1
2427 2
2428 2
2429 2
2430 2
2431 1
2432 2
2433 2
2434 2
2435 2
2436 1
2437 2
2438 2
2439 2
2440 2
2441 2
2442 1
2443 1
2444 1
2445 2
2446 1
2447 1
2448 1
2449 1
2450 1
2451 1
2452 1
2453 2
2454 2
2455 1
2456 2
2457 1
2458 1
2459 1
2460 2
2461 1
2462 2
2463 2
2464 2
2465 1
2466 1
2467 1
2468 2
2469 1
2470 2
2471 2
2472 1
2473 1
2474 2
2475 2
2476 1
2477 2
2478 2
2479 1
2480 2
2481 1
2482 1
2483 2
2484 2
2485 2
2486 2
2487 2
2488 2
2489 1
2490 2
2491 2
2492 1
2493 1
2494 2
2495 1
2496 2
2497 2
2498 2
2499 2
2500 1
2501 2
2502 1
2503 1
2504 2
2505 2
2506 2
2507 2
2508 2
2509 2
2510 1
2511 2
2512 2
2513 1
2514 2
2515 1
2516 1
2517 2
2518 2
2519 1
2520 2
2521 1
2522 1
2523 2
2524 1
2525 2
2526 1
2527 1
2528 1
2529 2
2530 1
2531 1
2532 1
2533 1
2534 1
2535 2
2536 1
2537 1
2538 1
2539 2
2540 1
2541 2
2542 1
2543 2
2544 1
2545 2
2546 2
2547 1
2548 2
2549 2
2550 2
2551 1
2552 1
2553 1
2554 2
2555 1
2556 2
2557 1
2558 2
2559 1
2560 1
2561 1
2562 1
2563 2
2564 1
2565 2
2566 1
2567 1
2568 1
2569 1
2570 2
2571 2
2572 1
2573 1
2574 2
2575 2
2576 2
2577 1
2578 2
2579 1
2580 2
2581 1
2582 2
2583 2
2584 2
2585 1
2586 1
2587 1
2588 2
2589 2
2590 1
2591 1
2592 1
2593 1
2594 1
2595 2
2596 1
2597 2
2598 2
2599 1
2600 2
2601 2
2602 2
2603 1
2604 2
2605 1
2606 2
2607 2
2608 1
2609 1
2610 2
2611 1
2612 1
2613 1
2614 2
2615 1
2616 1
2617 1
2618 2
2619 1
2620 1
2621 2
2622 2
2623 1
2624 1
2625 1
2626 2
2627 2
2628 2
2629 1
2630 1
2631 2
2632 2
2633 1
2634 2
2635 2
2636 1
2637 1
2638 2
2639 1
2640 2
2641 1
2642 1
2643 1
2644 1
2645 1
2646 1
2647 2
2648 1
2649 2
2650 2
2651 2
2652 1
2653 1
2654 1
2655 1
2656 1
2657 1
2658 1
2659 1
2660 1
2661 2
2662 1
2663 2
2664 1
2665 2
2666 2
2667 2
2668 2
2669 2
2670 1
2671 1
2672 1
2673 2
2674 1
2675 1
2676 1
2677 1
2678 1
2679 2
2680 1
2681 1
2682 2
2683 1
2684 1
2685 1
2686 1
2687 1
2688 1
2689 2
2690 1
2691 2
2692 2
2693 2
2694 2
2695 1
2696 1
2697 1
2698 1
2699 2
2700 1
2701 2
2702 1
2703 2
2704 2
2705 1
2706 1
2707 2
2708 1
2709 1
2710 1
2711 2
2712 1
2713 1
2714 1
2715 2
2716 1
2717 1
2718 2
2719 1
2720 1
2721 1
2722 1
2723 1
2724 2
2725 1
2726 1
2727 2
2728 1
2729 1
2730 1
2731 1
2732 2
2733 2
2734 1
2735 2
2736 1
2737 1
2738 1
2739 1
2740 1
2741 1
2742 1
2743 1
2744 1
2745 2
2746 1
2747 1
2748 1
2749 2
2750 2
2751 1
2752 2
2753 2
2754 2
2755 1
2756 1
2757 1
2758 1
2759 1
2760 2
2761 1
2762 1
2763 2
2764 2
2765 1
2766 2
2767 1
2768 2
2769 1
2770 1
2771 2
2772 2
2773 1
2774 2
2775 1
2776 1
2777 1
2778 2
2779 1
2780 2
2781 2
2782 1
2783 2
2784 2
2785 2
2786 1
2787 2
2788 2
2789 2
2790 1
2791 1
2792 1
2793 1
2794 1
2795 2
2796 2
2797 2
2798 2
2799 2
2800 1
2801 2
2802 1
2803 1
2804 1
2805 1
2806 1
2807 2
2808 2
2809 1
2810 1
2811 1
2812 1
2813 1
2814 1
2815 1
2816 2
2817 1
2818 2
2819 2
2820 2
2821 2
2822 1
2823 2
2824 1
2825 2
2826 1
2827 1
2828 1
2829 2
2830 1
2831 2
2832 2
2833 1
2834 1
2835 1
2836 1
2837 2
2838 1
2839 1
2840 2
2841 2
2842 1
2843 1
2844 1
2845 2
2846 1
2847 1
2848 1
2849 2
2850 1
2851 2
2852 2
2853 2
2854 1
2855 2
2856 2
2857 2
2858 1
2859 1
2860 2
2861 1
2862 1
2863 1
2864 1
2865 1
2866 2
2867 1
2868 2
2869 1
2870 2
2871 2
2872 1
2873 2
2874 1
2875 1
2876 2
2877 1
2878 1
2879 2
2880 1
2881 2
2882 1
2883 2
2884 2
2885 2
2886 1
2887 2
2888 2
2889 1
2890 1
2891 1
2892 1
2893 1
2894 1
2895 1
2896 1
2897 2
2898 2
2899 2
2900 1
2901 2
2902 2
2903 1
2904 1
2905 2
2906 2
2907 1
2908 1
2909 1
2910 1
2911 2
2912 1
2913 1
2914 2
2915 1
2916 1
2917 1
2918 1
2919 1
2920 2
2921 2
2922 2
2923 2
2924 2
2925 1
2926 2
2927 2
2928 1
2929 2
2930 1
2931 2
2932 2
2933 1
2934 2
2935 1
2936 1
2937 2
2938 1
2939 1
2940 1
2941 1
2942 2
2943 2
2944 1
2945 1
2946 1
2947 1
2948 2
2949 1
2950 2
2951 2
2952 2
2953 1
2954 1
2955 2
2956 1
2957 2
2958 2
2959 2
2960 2
2961 2
2962 2
2963 2
2964 2
2965 1
2966 2
2967 1
2968 2
2969 2
2970 2
2971 2
2972 2
2973 1
2974 1
2975 1
2976 1
2977 2
2978 1
2979 2
2980 1
2981 2
2982 1
2983 2
2984 2
2985 2
2986 2
2987 2
2988 2
2989 1
2990 2
2991 2
2992 1
2993 2
2994 1
2995 1
2996 1
2997 2
2998 2
2999 1
3000 2
3001 2
3002 1
3003 2
3004 2
3005 1
3006 1
3007 2
3008 2
3009 1
3010 1
3011 1
3012 1
3013 1
3014 1
3015 1
3016 1
3017 1
3018 1
3019 1
3020 1
3021 2
3022 1
3023 1
3024 1
3025 1
3026 1
3027 2
3028 2
3029 2
3030 2
3031 1
3032 2
3033 2
3034 2
3035 2
3036 1
3037 1
3038 1
3039 1
3040 2
3041 1
3042 2
3043 1
3044 2
3045 2
3046 2
3047 1
3048 1
3049 2
3050 2
3051 2
3052 1
3053 1
3054 1
3055 1
3056 1
3057 1
3058 2
3059 1
3060 2
3061 1
3062 2
3063 1
3064 1
3065 1
3066 1
3067 1
3068 2
3069 1
3070 2
3071 2
3072 1
3073 2
3074 1
3075 2
3076 1
3077 2
3078 1
3079 2
3080 2
3081 2
3082 1
3083 2
3084 2
3085 1
3086 2
3087 2
3088 2
3089 2
3090 2
3091 1
3092 1
3093 1
3094 2
3095 1
3096 2
3097 2
3098 1
3099 2
3100 1
3101 2
3102 2
3103 2
3104 2
3105 1
3106 2
3107 2
3108 1
3109 2
3110 1
3111 2
3112 2
3113 2
3114 1
3115 1
3116 2
3117 1
3118 1
3119 2
3120 2
3121 2
3122 2
3123 1
3124 2
3125 1
3126 2
3127 1
3128 1
3129 1
3130 2
3131 2
3132 2
3133 2
3134 2
3135 1
3136 1
3137 1
3138 2
3139 2
3140 2
3141 2
3142 2
3143 1
3144 1
3145 1
3146 1
3147 2
3148 1
3149 2
3150 1
3151 2
3152 1
3153 1
3154 1
3155 2
3156 1
3157 2
3158 2
3159 1
3160 1
3161 2
3162 1
3163 1
3164 1
3165 1
3166 2
3167 1
3168 2
3169 1
3170 1
3171 1
3172 2
3173 2
3174 1
3175 1
3176 2
3177 1
3178 2
3179 1
3180 2
3181 1
3182 1
3183 1
3184 1
3185 1
3186 1
3187 1
3188 1
3189 1
3190 1
3191 1
3192 1
3193 2
3194 1
3195 2
3196 1
3197 2
3198 2
3199 2
3200 1
3201 1
3202 1
3203 2
3204 1
3205 2
3206 1
3207 2
3208 1
3209 2
3210 2
3211 2
3212 2
3213 2
3214 1
3215 1
3216 1
3217 1
3218 1
3219 2
3220 1
3221 2
3222 2
3223 2
3224 1
3225 2
3226 1
3227 1
3228 2
3229 1
3230 1
3231 2
3232 1
3233 1
3234 1
3235 2
3236 1
3237 1
3238 1
3239 1
3240 2
3241 1
3242 2
3243 1
3244 2
3245 1
3246 1
3247 1
3248 2
3249 2
3250 1
3251 1
3252 2
3253 2
3254 2
3255 2
3256 2
3257 1
3258 2
3259 1
3260 1
3261 2
3262 2
3263 1
3264 2
3265 2
3266 1
3267 2
3268 2
3269 2
3270 2
3271 1
3272 2
3273 1
3274 1
3275 1
3276 1
3277 1
3278 1
3279 2
3280 1
3281 2
3282 1
3283 2
3284 1
3285 2
3286 1
3287 1
3288 1
3289 2
3290 1
3291 1
3292 1
3293 1
3294 1
3295 2
3296 2
3297 1
3298 2
3299 1
3300 1
3301 1
3302 1
3303 2
3304 1
3305 1
3306 2
3307 2
3308 1
3309 1
3310 2
3311 1
3312 2
3313 2
3314 2
3315 1
3316 1
3317 2
3318 2
3319 2
3320 1
3321 2
3322 1
3323 1
3324 2
3325 2
3326 1
3327 1
3328 2
3329 2
3330 2
3331 2
3332 2
3333 2
3334 1
3335 1
3336 1
3337 2
3338 2
3339 1
3340 2
3341 1
3342 2
3343 2
3344 2
3345 2
3346 2
3347 2
3348 2
3349 2
3350 2
3351 1
3352 2
3353 1
3354 2
3355 2
3356 2
3357 2
3358 1
3359 2
3360 1
3361 2
3362 1
3363 2
3364 2
3365 1
3366 1
3367 2
3368 2
3369 2
3370 1
3371 2
3372 1
3373 1
3374 2
3375 2
3376 2
3377 2
3378 2
3379 1
3380 1
3381 1
3382 2
3383 2
3384 1
3385 1
3386 1
3387 2
3388 2
3389 1
3390 1
3391 2
3392 1
3393 1
3394 2
3395 1
3396 1
3397 1
3398 2
3399 1
3400 1
3401 1
3402 1
3403 1
3404 2
3405 1
3406 1
3407 2
3408 1
3409 1
3410 1
3411 2
3412 1
3413 1
3414 1
3415 2
3416 2
3417 1
3418 2
3419 1
3420 2
3421 2
3422 2
3423 1
3424 2
3425 1
3426 1
3427 1
3428 1
3429 2
3430 2
3431 2
3432 1
3433 1
3434 2
3435 1
3436 2
3437 1
3438 2
3439 1
3440 1
3441 1
3442 2
3443 2
3444 2
3445 1
3446 2
3447 1
3448 1
3449 1
3450 1
3451 2
3452 1
3453 2
3454 1
3455 2
3456 1
3457 2
3458 2
3459 2
3460 2
3461 2
3462 2
3463 2
3464 1
3465 1
3466 1
3467 1
3468 1
3469 1
3470 1
3471 1
3472 1
3473 1
3474 1
3475 2
3476 1
3477 1
3478 2
3479 2
3480 2
3481 2
3482 2
3483 1
3484 2
3485 2
3486 2
3487 1
3488 2
3489 2
3490 2
3491 1
3492 1
3493 2
3494 2
3495 2
3496 2
3497 1
3498 1
3499 2
3500 1
3501 2
3502 2
3503 1
3504 2
3505 1
3506 1
3507 1
3508 2
3509 1
3510 2
3511 2
3512 2
3513 1
3514 1
3515 2
3516 2
3517 1
3518 1
3519 2
3520 2
3521 1
3522 1
3523 1
3524 1
3525 1
3526 2
3527 2
3528 1
3529 2
3530 1
3531 2
3532 2
3533 2
3534 2
3535 1
3536 2
3537 2
3538 2
3539 1
3540 1
3541 1
3542 2
3543 2
3544 2
3545 2
3546 2
3547 2
3548 1
3549 1
3550 1
3551 1
3552 2
3553 2
3554 2
3555 2
3556 2
3557 2
3558 1
3559 1
3560 1
3561 2
3562 2
3563 2
3564 1
3565 2
3566 1
3567 2
3568 2
3569 2
3570 1
3571 1
3572 2
3573 1
3574 1
3575 2
3576 2
3577 2
3578 1
3579 1
3580 2
3581 1
3582 1
3583 2
3584 1
3585 1
3586 1
3587 1
3588 1
3589 1
3590 2
3591 2
3592 2
3593 1
3594 1
3595 2
3596 2
3597 1
3598 1
3599 1
3600 2
3601 2
3602 1
3603 2
3604 2
3605 1
3606 2
3607 1
3608 2
3609 2
3610 1
3611 1
3612 2
3613 1
3614 1
3615 1
3616 2
3617 2
3618 1
3619 2
3620 1
3621 2
3622 1
3623 2
3624 1
3625 1
3626 1
3627 1
3628 1
3629 1
3630 1
3631 2
3632 2
3633 2
3634 2
3635 1
3636 1
3637 1
3638 2
3639 1
3640 1
3641 1
3642 2
3643 1
3644 2
3645 2
3646 2
3647 2
3648 2
3649 1
3650 1
3651 1
3652 1
3653 1
3654 1
3655 1
3656 2
3657 1
3658 1
3659 2
3660 2
3661 1
3662 2
3663 2
3664 1
3665 2
3666 2
3667 2
3668 1
3669 2
3670 2
3671 2
3672 1
3673 2
3674 1
3675 2
3676 1
3677 2
3678 2
3679 1
3680 1
3681 1
3682 2
3683 1
3684 1
3685 2
3686 1
3687 2
3688 2
3689 1
3690 2
3691 1
3692 2
3693 2
3694 2
3695 2
3696 2
3697 1
3698 1
3699 2
3700 2
3701 1
3702 2
3703 2
3704 1
3705 1
3706 1
3707 2
3708 1
3709 1
3710 1
3711 2
3712 1
3713 1
3714 2
3715 1
3716 1
3717 2
3718 1
3719 1
3720 1
3721 2
3722 2
3723 1
3724 2
3725 2
3726 2
3727 1
3728 1
3729 1
3730 1
3731 2
3732 1
3733 1
3734 2
3735 2
3736 1
3737 1
3738 1
3739 1
3740 1
3741 2
3742 1
3743 1
3744 1
3745 1
3746 1
3747 1
3748 2
3749 1
3750 2
3751 1
3752 2
3753 2
3754 2
3755 2
3756 1
3757 2
3758 2
3759 1
3760 2
3761 2
3762 2
3763 1
3764 1
3765 1
3766 2
3767 2
3768 2
3769 1
3770 1
3771 2
3772 2
3773 1
3774 2
3775 2
3776 1
3777 2
3778 2
3779 2
3780 1
3781 2
3782 2
3783 1
3784 1
3785 1
3786 1
3787 2
3788 2
3789 1
3790 2
3791 1
3792 1
3793 1
3794 2
3795 1
3796 2
3797 2
3798 1
3799 2
3800 2
3801 2
3802 2
3803 2
3804 2
3805 1
3806 2
3807 2
3808 1
3809 1
3810 2
3811 2
3812 2
3813 2
3814 2
3815 1
3816 1
3817 2
3818 2
3819 1
3820 2
3821 1
3822 2
3823 1
3824 2
3825 2
3826 1
3827 2
3828 1
3829 1
3830 2
3831 2
3832 2
3833 1
3834 1
3835 2
3836 1
3837 2
3838 2
3839 1
3840 2
3841 1
3842 1
3843 1
3844 1
3845 2
3846 2
3847 2
3848 1
3849 2
3850 1
3851 2
3852 1
3853 1
3854 2
3855 1
3856 1
3857 1
3858 2
3859 2
3860 1
3861 1
3862 1
3863 1
3864 1
3865 2
3866 2
3867 2
3868 2
3869 2
3870 2
3871 2
3872 2
3873 1
3874 1
3875 2
3876 1
3877 1
3878 1
3879 1
3880 1
3881 1
3882 1
3883 2
3884 2
3885 1
3886 2
3887 1
3888 1
3889 1
3890 2
3891 2
3892 2
3893 2
3894 1
3895 2
3896 2
3897 2
3898 1
3899 2
3900 2
3901 1
3902 1
3903 1
3904 2
3905 2
3906 1
3907 1
3908 1
3909 1
3910 1
3911 2
3912 1
3913 1
3914 1
3915 1
3916 2
3917 1
3918 2
3919 1
3920 2
3921 1
3922 1
3923 1
3924 2
3925 2
3926 1
3927 1
3928 1
3929 1
3930 2
3931 1
3932 2
3933 2
3934 1
3935 2
3936 1
3937 2
3938 1
3939 1
3940 1
3941 1
3942 2
3943 2
3944 2
3945 2
3946 2
3947 2
3948 1
3949 2
3950 2
3951 2
3952 2
3953 1
3954 2
3955 2
3956 2
3957 1
3958 1
3959 1
3960 1
3961 1
3962 2
3963 1
3964 2
3965 1
3966 1
3967 2
3968 1
3969 2
3970 1
3971 2
3972 1
3973 2
3974 2
3975 2
3976 1
3977 1
3978 2
3979 1
3980 2
3981 2
3982 2
3983 1
3984 1
3985 1
3986 1
3987 2
3988 2
3989 2
3990 1
3991 1
3992 2
3993 1
3994 1
3995 1
3996 1
3997 1
3998 1
3999 2
4000 2
4001 2
4002 2
4003 1
4004 2
4005 2
4006 2
4007 1
4008 1
4009 1
4010 2
4011 2
4012 2
4013 2
4014 1
4015 1
4016 2
4017 2
4018 1
4019 2
4020 2
4021 2
4022 2
4023 1
4024 2
4025 2
4026 2
4027 1
4028 2
4029 1
4030 2
4031 1
4032 1
4033 2
4034 1
4035 1
4036 2
4037 1
4038 1
4039 2
4040 2
4041 1
4042 1
4043 2
4044 2
4045 2
4046 1
4047 2
4048 1
4049 1
4050 1
4051 1
4052 2
4053 1
4054 1
4055 1
4056 1
4057 2
4058 1
4059 1
4060 1
4061 2
4062 1
4063 2
4064 1
4065 1
4066 1
4067 1
4068 1
4069 2
4070 2
4071 2
4072 2
4073 1
4074 1
4075 1
4076 1
4077 2
4078 1
4079 1
4080 1
4081 1
4082 2
4083 1
4084 2
4085 1
4086 1
4087 2
4088 1
4089 1
4090 2
4091 1
4092 1
4093 1
4094 2
4095 1
4096 1
4097 2
4098 1
4099 1
4100 1
4101 1
4102 1
4103 1
4104 1
4105 1
4106 2
4107 2
4108 1
4109 1
4110 1
4111 1
4112 2
4113 2
4114 2
4115 2
4116 2
4117 2
4118 2
4119 1
4120 2
4121 2
4122 2
4123 1
4124 1
4125 2
4126 1
4127 1
4128 1
4129 1
4130 2
4131 2
4132 1
4133 1
4134 1
4135 1
4136 2
4137 1
4138 2
4139 2
4140 2
4141 1
4142 2
4143 1
4144 2
4145 1
4146 1
4147 2
4148 1
4149 2
4150 1
4151 2
4152 1
4153 1
4154 2
4155 2
4156 1
4157 2
4158 2
4159 2
4160 1
4161 1
4162 2
4163 2
4164 2
4165 1
4166 1
4167 2
4168 1
4169 2
4170 2
4171 1
4172 2
4173 1
4174 2
4175 1
4176 1
4177 2
4178 2
4179 1
4180 2
4181 2
4182 2
4183 1
4184 2
4185 2
4186 1
4187 1
4188 1
4189 2
4190 1
4191 1
4192 1
4193 2
4194 2
4195 2
4196 2
4197 2
4198 2
4199 2
4200 1
4201 1
4202 2
4203 1
4204 2
4205 1
4206 1
4207 1
4208 2
4209 1
4210 2
4211 2
4212 2
4213 1
4214 2
4215 1
4216 1
4217 2
4218 2
4219 1
4220 1
4221 1
4222 1
4223 2
4224 2
4225 2
4226 2
4227 2
4228 1
4229 2
4230 2
4231 2
4232 1
4233 1
4234 2
4235 2
4236 2
4237 2
4238 2
4239 1
4240 2
4241 2
4242 2
4243 1
4244 2
4245 2
4246 2
4247 1
4248 1
4249 1
4250 2
4251 2
4252 1
4253 2
4254 1
4255 1
4256 2
4257 2
4258 2
4259 1
4260 2
4261 1
4262 2
4263 2
4264 1
4265 1
4266 2
4267 1
4268 1
4269 1
4270 2
4271 1
4272 1
4273 2
4274 2
4275 1
4276 1
4277 1
4278 2
4279 1
4280 2
4281 1
4282 2
4283 1
4284 1
4285 1
4286 2
4287 2
4288 2
4289 1
4290 2
4291 2
4292 2
4293 1
4294 1
4295 2
4296 2
4297 1
4298 1
4299 2
4300 1
4301 2
4302 2
4303 1
4304 1
4305 1
4306 1
4307 1
4308 1
4309 1
4310 2
4311 1
4312 2
4313 1
4314 2
4315 1
4316 2
4317 1
4318 2
4319 2
4320 1
4321 1
4322 1
4323 1
4324 1
4325 2
4326 1
4327 1
4328 2
4329 2
4330 2
4331 1
4332 2
4333 1
4334 1
4335 2
4336 1
4337 1
4338 2
4339 2
4340 2
4341 2
4342 1
4343 1
4344 1
4345 2
4346 2
4347 1
4348 1
4349 2
4350 2
4351 2
4352 1
4353 1
4354 2
4355 2
4356 2
4357 1
4358 2
4359 1
4360 1
4361 1
4362 1
4363 2
4364 2
4365 1
4366 1
4367 2
4368 1
4369 2
4370 2
4371 2
4372 2
4373 2
4374 1
4375 2
4376 1
4377 1
4378 1
4379 2
4380 2
4381 1
4382 1
4383 1
4384 2
4385 1
4386 2
4387 2
4388 2
4389 2
4390 1
4391 2
4392 1
4393 1
4394 1
4395 2
4396 2
4397 2
4398 1
4399 2
4400 2
4401 2
4402 2
4403 1
4404 1
4405 1
4406 1
4407 2
4408 2
4409 1
4410 2
4411 2
4412 1
4413 2
4414 1
4415 1
4416 2
4417 2
4418 1
4419 2
4420 1
4421 2
4422 1
4423 2
4424 2
4425 2
4426 2
4427 1
4428 2
4429 1
4430 1
4431 2
4432 2
4433 2
4434 2
4435 1
4436 1
4437 2
4438 2
4439 1
4440 1
4441 2
4442 2
4443 1
4444 1
4445 2
4446 2
4447 1
4448 1
4449 1
4450 2
4451 2
4452 1
4453 2
4454 2
4455 1
4456 1
4457 2
4458 2
4459 1
4460 2
4461 1
4462 2
4463 1
4464 1
4465 2
4466 1
4467 2
4468 1
4469 1
4470 1
4471 2
4472 2
4473 2
4474 2
4475 1
4476 2
4477 2
4478 2
4479 1
4480 1
4481 2
4482 2
4483 2
4484 2
4485 1
4486 2
4487 1
4488 1
4489 2
4490 2
4491 2
4492 1
4493 2
4494 2
4495 1
4496 1
4497 2
4498 2
4499 1
4500 1
4501 2
4502 1
4503 2
4504 2
4505 1
4506 2
4507 1
4508 2
4509 2
4510 2
4511 1
4512 2
4513 2
4514 1
4515 2
4516 2
4517 2
4518 2
4519 2
4520 1
4521 1
4522 2
4523 1
4524 2
4525 1
4526 1
4527 1
4528 2
4529 2
4530 1
4531 1
4532 2
4533 2
4534 2
4535 2
4536 1
4537 1
4538 2
4539 1
4540 2
4541 2
4542 2
4543 2
4544 1
4545 1
4546 1
4547 1
4548 1
4549 2
4550 1
4551 2
4552 1
4553 2
4554 2
4555 2
4556 1
4557 1
4558 2
4559 2
4560 1
4561 2
4562 2
4563 2
4564 2
4565 2
4566 1
4567 2
4568 1
4569 1
4570 2
4571 1
4572 2
4573 1
4574 2
4575 1
4576 2
4577 1
4578 1
4579 1
4580 2
4581 2
4582 2
4583 2
4584 1
4585 2
4586 1
4587 1
4588 2
4589 2
4590 1
4591 1
4592 2
4593 1
4594 2
4595 2
4596 2
4597 1
4598 1
4599 2
4600 2
4601 1
4602 2
4603 2
4604 1
4605 1
4606 2
4607 1
4608 2
4609 1
4610 1
4611 2
4612 2
4613 2
4614 2
4615 2
4616 2
4617 1
4618 2
4619 2
4620 2
4621 1
4622 1
4623 1
4624 1
4625 1
4626 2
4627 1
4628 1
4629 2
4630 2
4631 2
4632 1
4633 1
4634 1
4635 2
4636 2
4637 2
4638 1
4639 1
4640 2
4641 1
4642 2
4643 2
4644 1
4645 1
4646 2
4647 1
4648 2
4649 2
4650 1
4651 2
4652 1
4653 1
4654 2
4655 1
4656 1
4657 2
4658 2
4659 2
4660 2
4661 1
4662 2
4663 2
4664 1
4665 2
4666 2
4667 2
4668 1
4669 1
4670 1
4671 2
4672 1
4673 2
4674 1
4675 2
4676 2
4677 2
4678 2
4679 1
4680 1
4681 1
4682 1
4683 1
4684 1
4685 1
4686 2
4687 1
4688 1
4689 1
4690 2
4691 1
4692 1
4693 1
4694 1
4695 2
4696 1
4697 2
4698 2
4699 1
4700 2
4701 1
4702 1
4703 2
4704 2
4705 1
4706 2
4707 1
4708 1
4709 1
4710 1
4711 1
4712 1
4713 1
4714 2
4715 2
4716 1
4717 1
4718 2
4719 1
4720 2
4721 2
4722 2
4723 1
4724 2
4725 2
4726 1
4727 1
4728 1
4729 2
4730 2
4731 1
4732 1
4733 2
4734 2
4735 1
4736 1
4737 1
4738 2
4739 2
4740 1
4741 1
4742 1
4743 1
4744 2
4745 1
4746 1
4747 2
4748 2
4749 1
4750 1
4751 1
4752 1
4753 2
4754 1
4755 2
4756 1
4757 1
4758 2
4759 1
4760 1
4761 1
4762 1
4763 1
4764 2
4765 2
4766 2
4767 1
4768 2
4769 2
4770 2
4771 1
4772 1
4773 1
4774 1
4775 1
4776 1
4777 2
4778 1
4779 2
4780 2
4781 2
4782 1
4783 1
4784 1
4785 1
4786 2
4787 2
4788 2
4789 2
4790 2
4791 2
4792 2
4793 1
4794 1
4795 2
4796 2
4797 2
4798 1
4799 1
4800 2
4801 1
4802 1
4803 2
4804 1
4805 2
4806 1
4807 1
4808 2
4809 2
4810 2
4811 1
4812 1
4813 1
4814 1
4815 1
4816 1
4817 1
4818 2
4819 2
4820 2
4821 2
4822 1
4823 1
4824 2
4825 2
4826 2
4827 1
4828 1
4829 1
4830 2
4831 1
4832 2
4833 2
4834 2
4835 2
4836 1
4837 1
4838 1
4839 2
4840 2
4841 1
4842 1
4843 2
4844 1
4845 2
4846 2
4847 2
4848 2
4849 1
4850 1
4851 1
4852 2
4853 2
4854 1
4855 2
4856 1
4857 2
4858 2
4859 1
4860 1
4861 2
4862 2
4863 1
4864 2
4865 1
4866 2
4867 2
4868 2
4869 1
4870 2
4871 2
4872 2
4873 1
4874 1
4875 2
4876 2
4877 1
4878 1
4879 2
4880 1
4881 1
4882 2
4883 2
4884 2
4885 1
4886 2
4887 1
4888 1
4889 2
4890 2
4891 2
4892 2
4893 2
4894 2
4895 1
4896 1
4897 1
4898 1
4899 1
4900 2
4901 1
4902 1
4903 1
4904 1
4905 1
4906 1
4907 1
4908 2
4909 1
4910 2
4911 1
4912 2
4913 2
4914 1
4915 1
4916 1
4917 1
4918 2
4919 2
4920 2
4921 1
4922 2
4923 2
4924 1
4925 1
4926 2
4927 1
4928 2
4929 2
4930 2
4931 2
4932 2
4933 1
4934 1
4935 1
4936 1
4937 2
4938 1
4939 2
4940 1
4941 2
4942 2
4943 2
4944 1
4945 1
4946 2
4947 2
4948 2
4949 1
4950 1
4951 2
4952 1
4953 1
4954 1
4955 1
4956 2
4957 1
4958 2
4959 1
4960 1
4961 2
4962 2
4963 1
4964 2
4965 2
4966 2
4967 2
4968 1
4969 2
4970 2
4971 1
4972 1
4973 2
4974 1
4975 1
4976 2
4977 1
4978 2
4979 2
4980 2
4981 2
4982 1
4983 2
4984 2
4985 2
4986 1
4987 2
4988 1
4989 2
4990 2
4991 2
4992 1
4993 2
4994 2
4995 1
4996 2
4997 2
4998 1
4999 1
5000 1
5001 2
5002 1
5003 1
5004 1
5005 2
5006 1
5007 2
5008 2
5009 1
5010 2
5011 1
5012 1
5013 2
5014 1
5015 2
5016 2
5017 2
5018 1
5019 2
5020 2
5021 1
5022 1
5023 1
5024 1
5025 1
5026 1
5027 2
5028 1
5029 1
5030 2
5031 1
5032 1
5033 1
5034 1
5035 2
5036 1
5037 2
5038 2
5039 2
5040 2
5041 2
5042 1
5043 2
5044 1
5045 1
5046 2
5047 1
5048 2
5049 1
5050 1
5051 2
5052 2
5053 1
5054 2
5055 1
5056 1
5057 2
5058 1
5059 2
5060 1
5061 1
5062 1
5063 1
5064 1
5065 1
5066 2
5067 1
5068 2
5069 2
5070 1
5071 1
5072 2
5073 1
5074 1
5075 1
5076 1
5077 1
5078 1
5079 2
5080 1
5081 2
5082 2
5083 2
5084 2
5085 2
5086 2
5087 1
5088 1
5089 2
5090 1
5091 2
5092 2
5093 2
5094 1
5095 2
5096 2
5097 1
5098 1
5099 1
5100 2
5101 1
5102 2
5103 2
5104 1
5105 1
5106 2
5107 1
5108 1
5109 2
5110 2
5111 1
5112 2
5113 1
5114 2
5115 2
5116 1
5117 2
5118 2
5119 2
5120 2
5121 2
5122 2
5123 1
5124 1
5125 1
5126 2
5127 2
5128 2
5129 1
5130 2
5131 2
5132 2
5133 2
5134 2
5135 1
5136 2
5137 1
5138 2
5139 2
5140 1
5141 2
5142 1
5143 1
5144 1
5145 1
5146 2
5147 2
5148 2
5149 1
5150 1
5151 2
5152 1
5153 2
5154 1
5155 2
5156 2
5157 2
5158 2
5159 1
5160 1
5161 1
5162 2
5163 1
5164 2
5165 2
5166 2
5167 1
5168 2
5169 2
5170 1
5171 1
5172 1
5173 1
5174 2
5175 1
5176 1
5177 1
5178 2
5179 2
5180 1
5181 2
5182 2
5183 2
5184 2
5185 2
5186 2
5187 1
5188 1
5189 1
5190 1
5191 1
5192 2
5193 2
5194 1
5195 2
5196 2
5197 2
5198 1
5199 1
5200 2
5201 2
5202 1
5203 1
5204 2
5205 1
5206 1
5207 1
5208 2
5209 1
5210 2
5211 2
5212 2
5213 1
5214 1
5215 1
5216 2
5217 2
5218 2
5219 1
5220 1
5221 2
5222 2
5223 1
5224 1
5225 1
5226 2
5227 2
5228 2
5229 2
5230 1
5231 2
5232 2
5233 1
5234 1
5235 2
5236 1
5237 2
5238 1
5239 1
5240 1
5241 2
5242 2
5243 2
5244 2
5245 2
5246 1
5247 2
5248 2
5249 1
5250 2
5251 1
5252 2
5253 1
5254 2
5255 1
5256 1
5257 1
5258 2
5259 1
5260 2
5261 2
5262 1
5263 1
5264 2
5265 2
5266 1
5267 2
5268 2
5269 2
5270 1
5271 2
5272 1
5273 1
5274 1
5275 2
5276 2
5277 2
5278 1
5279 1
5280 2
5281 1
5282 1
5283 2
5284 2
5285 1
5286 2
5287 1
5288 1
5289 2
5290 1
5291 2
5292 2
5293 1
5294 1
5295 2
5296 2
5297 1
5298 1
5299 2
5300 2
5301 2
5302 1
5303 2
5304 1
5305 1
5306 2
5307 1
5308 1
5309 2
5310 2
5311 1
5312 2
5313 2
5314 1
5315 1
5316 1
5317 2
5318 2
5319 1
5320 2
5321 2
5322 2
5323 2
5324 1
5325 2
5326 1
5327 1
5328 2
5329 1
5330 1
5331 2
5332 2
5333 2
5334 1
5335 1
5336 2
5337 1
5338 1
5339 2
5340 2
5341 1
5342 1
5343 1
5344 1
5345 2
5346 2
5347 1
5348 1
5349 1
5350 2
5351 1
5352 2
5353 1
5354 2
5355 2
5356 2
5357 2
5358 2
5359 1
5360 1
5361 2
5362 1
5363 1
5364 1
5365 1
5366 2
5367 2
5368 2
5369 2
5370 2
5371 2
5372 2
5373 2
5374 2
5375 2
5376 2
5377 2
5378 1
5379 2
5380 1
5381 1
5382 2
5383 2
5384 2
5385 2
5386 1
5387 2
5388 1
5389 1
5390 2
5391 1
5392 2
5393 2
5394 1
5395 1
5396 1
5397 2
5398 2
5399 2
5400 2
5401 2
5402 1
5403 2
5404 2
5405 1
5406 1
5407 1
5408 2
5409 1
5410 1
5411 1
5412 2
5413 1
5414 1
5415 2
5416 2
5417 1
5418 1
5419 2
5420 2
5421 1
5422 1
5423 1
5424 2
5425 2
5426 2
5427 2
5428 1
5429 2
5430 2
5431 2
5432 2
5433 2
5434 1
5435 1
5436 2
5437 2
5438 1
5439 2
5440 2
5441 1
5442 1
5443 2
5444 1
5445 2
5446 1
5447 1
5448 1
5449 2
5450 1
5451 2
5452 2
5453 2
5454 2
5455 2
5456 1
5457 2
5458 2
5459 1
5460 1
5461 1
5462 1
5463 2
5464 1
5465 1
5466 2
5467 1
5468 1
5469 2
5470 2
5471 2
5472 1
5473 2
5474 2
5475 2
5476 1
5477 2
5478 1
5479 2
5480 2
5481 2
5482 1
5483 2
5484 2
5485 2
5486 1
5487 1
5488 1
5489 1
5490 2
5491 1
5492 2
5493 1
5494 1
5495 1
5496 1
5497 2
5498 2
5499 1
5500 1
5501 1
5502 1
5503 1
5504 1
5505 2
5506 1
5507 1
5508 1
5509 1
5510 2
5511 2
5512 1
5513 1
5514 1
5515 1
5516 2
5517 1
5518 1
5519 2
5520 2
5521 1
5522 2
5523 1
5524 1
5525 2
5526 2
5527 2
5528 1
5529 1
5530 2
5531 2
5532 2
5533 1
5534 2
5535 1
5536 2
5537 2
5538 1
5539 2
5540 1
5541 1
5542 2
5543 2
5544 2
5545 1
5546 1
5547 1
5548 2
5549 1
5550 1
5551 2
5552 2
5553 2
5554 2
5555 2
5556 1
5557 2
5558 1
5559 1
5560 1
5561 1
5562 1
5563 2
5564 2
5565 2
5566 2
5567 1
5568 2
5569 2
5570 2
5571 1
5572 2
5573 1
5574 2
5575 1
5576 2
5577 2
5578 2
5579 1
5580 1
5581 2
5582 1
5583 1
5584 1
5585 1
5586 1
5587 1
5588 2
5589 2
5590 1
5591 1
5592 1
5593 1
5594 2
5595 1
5596 1
5597 1
5598 2
5599 1
5600 1
5601 2
5602 1
5603 2
5604 2
5605 1
5606 1
5607 2
5608 1
5609 1
5610 1
5611 2
5612 1
5613 1
5614 1
5615 1
5616 2
5617 2
5618 1
5619 2
5620 2
5621 1
5622 2
5623 2
5624 1
5625 2
5626 2
5627 1
5628 1
5629 2
5630 2
5631 2
5632 2
5633 2
5634 1
5635 2
5636 1
5637 1
5638 1
5639 2
5640 2
5641 2
5642 1
5643 1
5644 2
5645 1
5646 2
5647 1
5648 1
5649 2
5650 2
5651 2
5652 2
5653 2
5654 1
5655 1
5656 2
5657 1
5658 2
5659 2
5660 2
5661 2
5662 2
5663 1
5664 2
5665 1
5666 2
5667 1
5668 2
5669 1
5670 2
5671 2
5672 2
5673 2
5674 2
5675 1
5676 2
5677 1
5678 1
5679 2
5680 1
5681 2
5682 2
5683 1
5684 2
5685 2
5686 1
5687 1
5688 1
5689 1
5690 1
5691 1
5692 2
5693 2
5694 2
5695 1
5696 1
5697 2
5698 2
5699 2
5700 1
5701 1
5702 1
5703 1
5704 2
5705 1
5706 2
5707 2
5708 2
5709 1
5710 1
5711 1
5712 1
5713 2
5714 2
5715 1
5716 1
5717 2
5718 1
5719 1
5720 2
5721 2
5722 1
5723 1
5724 2
5725 2
5726 2
5727 2
5728 2
5729 1
5730 2
5731 2
5732 1
5733 1
5734 1
5735 2
5736 1
5737 2
5738 1
5739 2
5740 1
5741 2
5742 1
5743 2
5744 1
5745 1
5746 1
5747 2
5748 2
5749 2
5750 1
5751 1
5752 2
5753 2
5754 2
5755 2
5756 1
5757 2
5758 2
5759 1
5760 1
5761 1
5762 2
5763 2
5764 2
5765 2
5766 2
5767 2
5768 1
5769 2
5770 2
5771 1
5772 1
5773 2
5774 2
5775 2
5776 2
5777 2
5778 1
5779 2
5780 2
5781 1
5782 2
5783 1
5784 1
5785 2
5786 2
5787 2
5788 1
5789 1
5790 2
5791 1
5792 1
5793 2
5794 2
5795 1
5796 2
5797 1
5798 1
5799 1
5800 2
5801 1
5802 1
5803 1
5804 2
5805 2
5806 1
5807 1
5808 1
5809 1
5810 1
5811 2
5812 2
5813 2
5814 2
5815 1
5816 1
5817 2
5818 2
5819 1
5820 1
5821 1
5822 2
5823 1
5824 1
5825 2
5826 2
5827 1
5828 1
5829 2
5830 2
5831 1
5832 1
5833 2
5834 1
5835 2
5836 1
5837 1
5838 2
5839 2
5840 2
5841 1
5842 2
5843 2
5844 2
5845 2
5846 2
5847 1
5848 2
5849 2
5850 2
5851 2
5852 2
5853 2
5854 2
5855 1
5856 2
5857 1
5858 2
5859 2
5860 1
5861 2
5862 2
5863 1
5864 1
5865 1
5866 2
5867 2
5868 2
5869 2
5870 1
5871 1
5872 1
5873 2
5874 1
5875 1
5876 1
5877 2
5878 1
5879 2
5880 2
5881 2
5882 2
5883 1
5884 1
5885 1
5886 1
5887 2
5888 1
5889 1
5890 2
5891 1
5892 1
5893 1
5894 1
5895 2
5896 2
5897 2
5898 2
5899 1
5900 1
5901 1
5902 2
5903 1
5904 1
5905 1
5906 2
5907 1
5908 1
5909 1
5910 1
5911 2
5912 2
5913 1
5914 2
5915 1
5916 2
5917 1
5918 1
5919 2
5920 2
5921 2
5922 2
5923 2
5924 2
5925 1
5926 1
5927 2
5928 1
5929 1
5930 2
5931 2
5932 2
5933 1
5934 1
5935 1
5936 1
5937 1
5938 1
5939 2
5940 1
5941 2
5942 2
5943 2
5944 2
5945 2
5946 1
5947 1
5948 1
5949 2
5950 2
5951 2
5952 2
5953 2
5954 1
5955 2
5956 2
5957 2
5958 2
5959 2
5960 2
5961 1
5962 1
5963 1
5964 1
5965 2
5966 2
5967 1
5968 1
5969 2
5970 2
5971 2
5972 1
5973 1
5974 1
5975 1
5976 2
5977 1
5978 2
5979 2
5980 1
5981 2
5982 1
5983 2
5984 2
5985 2
5986 1
5987 2
5988 1
5989 2
5990 1
5991 1
5992 1
5993 1
5994 2
5995 1
5996 2
5997 2
5998 1
5999 1
6000 1
6001 2
6002 2
6003 1
6004 2
6005 1
6006 1
6007 1
6008 1
6009 2
6010 2
6011 2
6012 2
6013 1
6014 1
6015 2
6016 2
6017 1
6018 2
6019 1
6020 2
6021 1
6022 1
6023 2
6024 1
6025 2
6026 1
6027 2
6028 1
6029 1
6030 1
6031 2
6032 1
6033 1
6034 1
6035 1
6036 1
6037 1
6038 1
6039 1
6040 2
6041 2
6042 1
6043 2
6044 2
6045 2
6046 2
6047 2
6048 2
6049 2
6050 2
6051 1
6052 1
6053 1
6054 2
6055 2
6056 2
6057 2
6058 2
6059 1
6060 1
6061 2
6062 1
6063 2
6064 1
6065 1
6066 2
6067 2
6068 2
6069 2
6070 1
6071 2
6072 2
6073 2
6074 2
6075 1
6076 2
6077 2
6078 1
6079 2
6080 1
6081 2
6082 1
6083 2
6084 1
6085 2
6086 1
6087 1
6088 2
6089 2
6090 1
6091 2
6092 1
6093 2
6094 2
6095 2
6096 1
6097 2
6098 2
6099 1
6100 1
6101 1
6102 2
6103 1
6104 1
6105 2
6106 1
6107 1
6108 1
6109 2
6110 2
6111 1
6112 1
6113 1
6114 1
6115 2
6116 1
6117 2
6118 1
6119 2
6120 1
6121 2
6122 1
6123 1
6124 1
6125 1
6126 2
6127 2
6128 2
6129 2
6130 2
6131 1
6132 1
6133 2
6134 1
6135 1
6136 1
6137 2
6138 2
6139 1
6140 2
6141 1
6142 1
6143 1
6144 2
6145 2
6146 1
6147 2
6148 2
6149 1
6150 2
6151 2
6152 1
6153 1
6154 2
6155 1
6156 2
6157 2
6158 2
6159 1
6160 2
6161 1
6162 2
6163 1
6164 1
6165 2
6166 1
6167 2
6168 1
6169 2
6170 1
6171 2
6172 2
6173 2
6174 2
6175 1
6176 1
6177 2
6178 2
6179 2
6180 1
6181 2
6182 2
6183 2
6184 1
6185 1
6186 1
6187 1
6188 2
6189 2
6190 2
6191 2
6192 1
6193 1
6194 2
6195 1
6196 2
6197 1
6198 1
6199 1
6200 2
6201 1
6202 2
6203 1
6204 1
6205 2
6206 1
6207 2
6208 2
6209 1
6210 1
6211 1
6212 2
6213 2
6214 1
6215 2
6216 1
6217 2
6218 2
6219 2
6220 2
6221 1
6222 2
6223 2
6224 1
6225 1
6226 2
6227 1
6228 1
6229 1
6230 1
6231 2
6232 2
6233 2
6234 1
6235 2
6236 1
6237 1
6238 1
6239 2
6240 2
6241 2
6242 1
6243 2
6244 1
6245 1
6246 1
6247 1
6248 1
6249 2
6250 2
6251 2
6252 1
6253 2
6254 1
6255 1
6256 1
6257 1
6258 2
6259 1
6260 1
6261 1
6262 1
6263 1
6264 2
6265 2
6266 2
6267 2
6268 2
6269 1
6270 2
6271 2
6272 2
6273 1
6274 2
6275 2
6276 1
6277 2
6278 2
6279 2
6280 1
6281 1
6282 2
6283 2
6284 2
6285 1
6286 1
6287 1
6288 1
6289 1
6290 2
6291 1
6292 2
6293 1
6294 2
6295 2
6296 1
6297 1
6298 2
6299 1
6300 2
6301 2
6302 2
6303 1
6304 2
6305 2
6306 2
6307 2
6308 2
6309 2
6310 2
6311 1
6312 1
6313 2
6314 1
6315 2
6316 1
6317 2
6318 1
6319 2
6320 2
6321 1
6322 2
6323 1
6324 1
6325 2
6326 2
6327 1
6328 1
6329 2
6330 1
6331 1
6332 2
6333 2
6334 2
6335 1
6336 1
6337 1
6338 1
6339 1
6340 2
6341 2
6342 2
6343 1
6344 1
6345 2
6346 2
6347 1
6348 2
6349 1
6350 1
6351 2
6352 1
6353 1
6354 2
6355 2
6356 2
6357 1
6358 1
6359 2
6360 2
6361 2
6362 2
6363 2
6364 2
6365 2
6366 2
6367 2
6368 2
6369 2
6370 2
6371 1
6372 2
6373 1
6374 1
6375 2
6376 1
6377 2
6378 2
6379 2
6380 2
6381 1
6382 2
6383 1
6384 2
6385 2
6386 1
6387 2
6388 1
6389 2
6390 2
6391 2
6392 2
6393 2
6394 1
6395 1
6396 1
6397 2
6398 1
6399 1
6400 1
6401 1
6402 2
6403 1
6404 2
6405 2
6406 2
6407 2
6408 1
6409 1
6410 1
6411 2
6412 2
6413 1
6414 1
6415 2
6416 2
6417 2
6418 1
6419 2
6420 2
6421 2
6422 1
6423 1
6424 1
6425 1
6426 2
6427 1
6428 2
6429 1
6430 2
6431 1
6432 1
6433 2
6434 1
6435 2
6436 2
6437 1
6438 2
6439 1
6440 1
6441 1
6442 1
6443 1
6444 1
6445 1
6446 1
6447 2
6448 1
6449 1
6450 2
6451 2
6452 1
6453 2
6454 2
6455 1
6456 2
6457 1
6458 2
6459 2
6460 1
6461 2
6462 2
6463 2
6464 1
6465 2
6466 2
6467 2
6468 2
6469 1
6470 2
6471 2
6472 1
6473 2
6474 1
6475 2
6476 2
6477 2
6478 1
6479 2
6480 1
6481 2
6482 1
6483 2
6484 1
6485 1
6486 1
6487 1
6488 2
6489 1
6490 2
6491 1
6492 2
6493 2
6494 1
6495 1
6496 1
6497 2
6498 1
6499 1
6500 1
6501 2
6502 1
6503 2
6504 1
6505 1
6506 2
6507 1
6508 2
6509 2
6510 1
6511 2
6512 1
6513 1
6514 2
6515 2
6516 1
6517 1
6518 2
6519 1
6520 1
6521 2
6522 2
6523 2
6524 2
6525 2
6526 2
6527 2
6528 2
6529 2
6530 2
6531 1
6532 2
6533 1
6534 2
6535 2
6536 2
6537 2
6538 1
6539 2
6540 2
6541 2
6542 1
6543 1
6544 2
6545 1
6546 2
6547 2
6548 2
6549 1
6550 1
6551 2
6552 2
6553 2
6554 1
6555 1
6556 1
6557 2
6558 2
6559 2
6560 2
6561 1
6562 2
6563 1
6564 1
6565 2
6566 2
6567 2
6568 1
6569 1
6570 1
6571 2
6572 2
6573 2
6574 2
6575 1
6576 1
6577 1
6578 1
6579 2
6580 2
6581 1
6582 2
6583 1
6584 1
6585 2
6586 2
6587 1
6588 2
6589 1
6590 2
6591 1
6592 2
6593 2
6594 1
6595 2
6596 1
6597 1
6598 1
6599 2
6600 2
6601 2
6602 1
6603 2
6604 2
6605 1
6606 2
6607 2
6608 2
6609 1
6610 2
6611 1
6612 2
6613 2
6614 1
6615 2
6616 1
6617 1
6618 2
6619 1
6620 2
6621 2
6622 1
6623 2
6624 2
6625 1
6626 1
6627 2
6628 1
6629 1
6630 1
6631 2
6632 2
6633 1
6634 1
6635 1
6636 2
6637 2
6638 2
6639 2
6640 2
6641 1
6642 1
6643 2
6644 1
6645 2
6646 2
6647 2
6648 1
6649 1
6650 2
6651 2
6652 1
6653 1
6654 2
6655 2
6656 1
6657 1
6658 1
6659 2
6660 2
6661 2
6662 2
6663 2
6664 2
6665 2
6666 1
6667 2
6668 1
6669 2
6670 2
6671 2
6672 1
6673 2
6674 2
6675 2
6676 2
6677 2
6678 1
6679 1
6680 1
6681 2
6682 2
6683 2
6684 1
6685 2
6686 2
6687 2
6688 2
6689 2
6690 2
6691 1
6692 2
6693 2
6694 1
6695 2
6696 2
6697 1
6698 2
6699 1
6700 2
6701 1
6702 2
6703 2
6704 2
6705 1
6706 1
6707 2
6708 2
6709 2
6710 1
6711 1
6712 2
6713 1
6714 2
6715 2
6716 1
6717 2
6718 2
6719 1
6720 1
6721 2
6722 2
6723 2
6724 2
6725 2
6726 2
6727 1
6728 1
6729 1
6730 1
6731 2
6732 1
6733 1
6734 2
6735 1
6736 1
6737 1
6738 1
6739 2
6740 2
6741 2
6742 1
6743 1
6744 2
6745 1
6746 2
6747 2
6748 1
6749 1
6750 2
6751 1
6752 2
6753 2
6754 1
6755 1
6756 2
6757 2
6758 1
6759 2
6760 1
6761 2
6762 1
6763 1
6764 2
6765 1
6766 1
6767 2
6768 2
6769 1
6770 2
6771 2
6772 1
6773 2
6774 2
6775 2
6776 1
6777 1
6778 2
6779 1
6780 1
6781 2
6782 1
6783 1
6784 1
6785 2
6786 2
6787 1
6788 2
6789 1
6790 2
6791 1
6792 2
6793 2
6794 1
6795 2
6796 1
6797 1
6798 2
6799 1
6800 2
6801 2
6802 2
6803 1
6804 2
6805 2
6806 1
6807 1
6808 2
6809 1
6810 1
6811 2
6812 2
6813 2
6814 2
6815 1
6816 2
6817 1
6818 2
6819 2
6820 2
6821 2
6822 1
6823 1
6824 1
6825 2
6826 2
6827 2
6828 2
6829 1
6830 1
6831 1
6832 2
6833 2
6834 2
6835 2
6836 2
6837 2
6838 1
6839 1
6840 1
6841 2
6842 2
6843 2
6844 2
6845 1
6846 2
6847 2
6848 1
6849 1
6850 1
6851 2
6852 2
6853 1
6854 1
6855 2
6856 1
6857 1
6858 1
6859 2
6860 2
6861 2
6862 1
6863 2
6864 2
6865 2
6866 1
6867 2
6868 1
6869 2
6870 1
6871 2
6872 2
6873 2
6874 2
6875 2
6876 1
6877 1
6878 2
6879 1
6880 2
6881 2
6882 2
6883 2
6884 2
6885 1
6886 1
6887 2
6888 2
6889 2
6890 1
6891 2
6892 2
6893 2
6894 2
6895 1
6896 2
6897 2
6898 1
6899 1
6900 2
6901 1
6902 2
6903 2
6904 2
6905 2
6906 2
6907 1
6908 2
6909 1
6910 1
6911 2
6912 1
6913 2
6914 1
6915 2
6916 2
6917 1
6918 1
6919 1
6920 2
6921 1
6922 2
6923 1
6924 1
6925 2
6926 1
6927 2
6928 2
6929 2
6930 2
6931 2
6932 2
6933 1
6934 2
6935 1
6936 2
6937 1
6938 2
6939 2
6940 2
6941 1
6942 2
6943 2
6944 2
6945 1
6946 2
6947 2
6948 1
6949 1
6950 1
6951 2
6952 1
6953 1
6954 2
6955 2
6956 2
6957 1
6958 2
6959 1
6960 2
6961 1
6962 2
6963 2
6964 1
6965 2
6966 2
6967 2
6968 1
6969 2
6970 2
6971 2
6972 1
6973 2
6974 2
6975 2
6976 2
6977 2
6978 2
6979 2
6980 1
6981 2
6982 1
6983 1
6984 1
6985 1
6986 2
6987 1
6988 2
6989 2
6990 1
6991 1
6992 2
6993 1
6994 2
6995 1
6996 2
6997 1
6998 1
6999 1
7000 2
7001 2
7002 2
7003 2
7004 1
7005 2
7006 2
7007 2
7008 2
7009 1
7010 1
7011 1
7012 2
7013 1
7014 2
7015 1
7016 2
7017 2
7018 1
7019 2
7020 2
7021 1
7022 2
7023 2
7024 1
7025 1
7026 1
7027 2
7028 1
7029 1
7030 1
7031 2
7032 2
7033 1
7034 1
7035 1
7036 1
7037 1
7038 1
7039 1
7040 2
7041 1
7042 1
7043 2
7044 2
7045 2
7046 2
7047 1
7048 1
7049 1
7050 1
7051 1
7052 2
7053 2
7054 2
7055 1
7056 2
7057 1
7058 2
7059 2
7060 1
7061 2
7062 2
7063 2
7064 2
7065 2
7066 1
7067 2
7068 2
7069 2
7070 2
7071 2
7072 2
7073 2
7074 1
7075 1
7076 1
7077 2
7078 2
7079 1
7080 2
7081 2
7082 2
7083 1
7084 1
7085 2
7086 2
7087 2
7088 1
7089 1
7090 1
7091 1
7092 2
7093 1
7094 2
7095 1
7096 2
7097 1
7098 1
7099 2
7100 1
7101 1
7102 2
7103 1
7104 1
7105 2
7106 1
7107 2
7108 2
7109 2
7110 1
7111 1
7112 1
7113 2
7114 1
7115 2
7116 2
7117 2
7118 1
7119 1
7120 2
7121 1
7122 2
7123 1
7124 1
7125 2
7126 2
7127 2
7128 1
7129 2
7130 1
7131 2
7132 2
7133 2
7134 2
7135 2
7136 1
7137 1
7138 2
7139 1
7140 2
7141 2
7142 1
7143 1
7144 1
7145 2
7146 1
7147 1
7148 2
7149 2
7150 2
7151 1
7152 2
7153 1
7154 2
7155 2
7156 2
7157 2
7158 1
7159 2
7160 1
7161 2
7162 1
7163 2
7164 2
7165 2
7166 1
7167 2
7168 2
7169 2
7170 1
7171 1
7172 1
7173 2
7174 2
7175 2
7176 1
7177 2
7178 2
7179 1
7180 1
7181 1
7182 2
7183 1
7184 2
7185 2
7186 2
7187 2
7188 1
7189 1
7190 1
7191 2
7192 1
7193 2
7194 2
7195 2
7196 1
7197 2
7198 2
7199 1
7200 1
7201 2
7202 2
7203 2
7204 2
7205 1
7206 1
7207 2
7208 2
7209 1
7210 1
7211 1
7212 2
7213 1
7214 2
7215 1
7216 2
7217 1
7218 1
7219 2
7220 1
7221 2
7222 2
7223 2
7224 2
7225 2
7226 2
7227 2
7228 1
7229 2
7230 2
7231 2
7232 2
7233 2
7234 1
7235 1
7236 1
7237 1
7238 1
7239 1
7240 2
7241 1
7242 2
7243 2
7244 2
7245 2
7246 2
7247 2
7248 2
7249 2
7250 1
7251 2
7252 2
7253 2
7254 1
7255 1
7256 2
7257 1
7258 2
7259 1
7260 1
7261 2
7262 2
7263 2
7264 2
7265 1
7266 1
7267 2
7268 1
7269 2
7270 1
7271 2
7272 1
7273 2
7274 2
7275 1
7276 1
7277 1
7278 1
7279 2
7280 1
7281 1
7282 1
7283 2
7284 2
7285 2
7286 1
7287 2
7288 2
7289 1
7290 2
7291 2
7292 1
7293 2
7294 1
7295 1
7296 1
7297 1
7298 2
7299 2
7300 2
7301 1
7302 1
7303 2
7304 2
7305 2
7306 1
7307 2
7308 1
7309 2
7310 1
7311 2
7312 2
7313 2
7314 2
7315 2
7316 1
7317 2
7318 1
7319 2
7320 2
7321 1
7322 2
7323 1
7324 2
7325 2
7326 1
7327 1
7328 2
7329 1
7330 1
7331 2
7332 1
7333 2
7334 1
7335 2
7336 2
7337 1
7338 2
7339 1
7340 2
7341 2
7342 2
7343 1
7344 1
7345 1
7346 2
7347 1
7348 1
7349 1
7350 2
7351 1
7352 2
7353 2
7354 1
7355 1
7356 2
7357 2
7358 2
7359 2
7360 2
7361 2
7362 2
7363 1
7364 1
7365 2
7366 1
7367 2
7368 2
7369 1
7370 2
7371 2
7372 1
7373 2
7374 1
7375 1
7376 2
7377 2
7378 2
7379 1
7380 2
7381 1
7382 2
7383 2
7384 2
7385 2
7386 1
7387 2
7388 1
7389 1
7390 1
7391 1
7392 1
7393 2
7394 2
7395 1
7396 1
7397 1
7398 1
7399 1
7400 2
7401 2
7402 1
7403 1
7404 1
7405 2
7406 1
7407 1
7408 2
7409 2
7410 2
7411 1
7412 1
7413 2
7414 2
7415 1
7416 2
7417 2
7418 2
7419 2
7420 2
7421 2
7422 1
7423 2
7424 2
7425 1
7426 1
7427 1
7428 1
7429 2
7430 2
7431 2
7432 2
7433 2
7434 2
7435 1
7436 2
7437 2
7438 2
7439 1
7440 1
7441 2
7442 2
7443 2
7444 2
7445 2
7446 2
7447 2
7448 1
7449 2
7450 2
7451 2
7452 2
7453 2
7454 2
7455 1
7456 1
7457 1
7458 1
7459 2
7460 2
7461 2
7462 1
7463 1
7464 2
7465 2
7466 1
7467 2
7468 2
7469 2
7470 2
7471 2
7472 2
7473 2
7474 2
7475 2
7476 2
7477 1
7478 2
7479 2
7480 2
7481 2
7482 2
7483 2
7484 2
7485 2
7486 2
7487 1
7488 2
7489 2
7490 2
7491 2
7492 1
7493 1
7494 1
7495 2
7496 2
7497 2
7498 2
7499 2
7500 1
7501 1
7502 1
7503 2
7504 2
7505 2
7506 1
7507 1
7508 2
7509 1
7510 2
7511 2
7512 2
7513 2
7514 2
7515 2
7516 1
7517 2
7518 2
7519 2
7520 2
7521 1
7522 2
7523 1
7524 1
7525 1
7526 1
7527 1
7528 1
7529 2
7530 2
7531 1
7532 2
7533 2
7534 2
7535 2
7536 1
7537 2
7538 2
7539 1
7540 2
7541 2
7542 1
7543 2
7544 1
7545 2
7546 1
7547 2
7548 1
7549 1
7550 1
7551 2
7552 1
7553 1
7554 1
7555 1
7556 2
7557 1
7558 1
7559 2
7560 2
7561 2
7562 2
7563 2
7564 2
7565 1
7566 1
7567 2
7568 1
7569 2
7570 1
7571 2
7572 1
7573 2
7574 2
7575 1
7576 1
7577 2
7578 2
7579 1
7580 1
7581 1
7582 2
7583 2
7584 1
7585 2
7586 1
7587 1
7588 2
7589 1
7590 2
7591 1
7592 2
7593 1
7594 2
7595 2
7596 2
7597 2
7598 1
7599 2
7600 2
7601 1
7602 2
7603 2
7604 1
7605 2
7606 2
7607 2
7608 2
7609 2
7610 2
7611 1
7612 1
7613 2
7614 2
7615 2
7616 1
7617 1
7618 1
7619 2
7620 2
7621 2
7622 1
7623 2
7624 1
7625 2
7626 2
7627 1
7628 2
7629 1
7630 2
7631 1
7632 1
7633 1
7634 2
7635 2
7636 2
7637 1
7638 2
7639 2
7640 1
7641 2
7642 1
7643 2
7644 1
7645 2
7646 2
7647 2
7648 2
7649 1
7650 2
7651 2
7652 2
7653 2
7654 1
7655 2
7656 2
7657 2
7658 2
7659 1
7660 1
7661 2
7662 1
7663 2
7664 2
7665 2
7666 1
7667 1
7668 2
7669 2
7670 1
7671 2
7672 2
7673 1
7674 1
7675 1
7676 2
7677 1
7678 2
7679 1
7680 1
7681 1
7682 1
7683 1
7684 1
7685 2
7686 2
7687 1
7688 1
7689 2
7690 1
7691 2
7692 2
7693 1
7694 1
7695 1
7696 2
7697 2
7698 2
7699 2
7700 1
7701 2
7702 1
7703 1
7704 1
7705 2
7706 2
7707 2
7708 2
7709 2
7710 1
7711 1
7712 2
7713 1
7714 1
7715 2
7716 2
7717 2
7718 2
7719 1
7720 1
7721 2
7722 1
7723 1
7724 2
7725 1
7726 1
7727 1
7728 2
7729 1
7730 2
7731 2
7732 1
7733 1
7734 1
7735 1
7736 1
7737 1
7738 2
7739 2
7740 1
7741 2
7742 1
7743 1
7744 1
7745 1
7746 2
7747 2
7748 2
7749 2
7750 1
7751 1
7752 1
7753 2
7754 1
7755 2
7756 1
7757 2
7758 2
7759 1
7760 2
7761 2
7762 2
7763 1
7764 2
7765 2
7766 1
7767 2
7768 2
7769 2
7770 1
7771 2
7772 2
7773 1
7774 1
7775 2
7776 2
7777 1
7778 2
7779 1
7780 2
7781 2
7782 1
7783 2
7784 2
7785 2
7786 2
7787 2
7788 2
7789 1
7790 1
7791 2
7792 2
7793 2
7794 1
7795 1
7796 1
7797 2
7798 1
7799 1
7800 2
7801 2
7802 2
7803 1
7804 1
7805 2
7806 1
7807 1
7808 2
7809 2
7810 2
7811 1
7812 2
7813 2
7814 1
7815 2
7816 2
7817 2
7818 2
7819 2
7820 2
7821 1
7822 1
7823 2
7824 2
7825 2
7826 1
7827 2
7828 1
7829 2
7830 2
7831 2
7832 1
7833 2
7834 2
7835 2
7836 1
7837 2
7838 1
7839 2
7840 1
7841 2
7842 2
7843 2
7844 2
7845 2
7846 1
7847 2
7848 1
7849 2
7850 2
7851 2
7852 1
7853 2
7854 1
7855 1
7856 2
7857 2
7858 2
7859 1
7860 2
7861 1
7862 2
7863 2
7864 2
7865 2
7866 1
7867 2
7868 2
7869 2
7870 2
7871 2
7872 2
7873 1
7874 2
7875 2
7876 2
7877 1
7878 1
7879 1
7880 1
7881 1
7882 2
7883 2
7884 2
7885 1
7886 2
7887 2
7888 1
7889 1
7890 2
7891 2
7892 2
7893 2
7894 1
7895 1
7896 1
7897 1
7898 2
7899 1
7900 1
7901 2
7902 2
7903 1
7904 2
7905 1
7906 2
7907 1
7908 2
7909 1
7910 2
7911 2
7912 2
7913 1
7914 1
7915 2
7916 1
7917 1
7918 2
7919 2
7920 1
7921 1
7922 2
7923 1
7924 2
7925 2
7926 2
7927 1
7928 1
7929 2
7930 1
7931 2
7932 2
7933 2
7934 1
7935 1
7936 2
7937 1
7938 1
7939 1
7940 1
7941 1
7942 1
7943 1
7944 2
7945 2
7946 2
7947 2
7948 2
7949 1
7950 2
7951 1
7952 1
7953 2
7954 2
7955 1
7956 2
7957 1
7958 2
7959 2
7960 1
7961 2
7962 2
7963 1
7964 2
7965 1
7966 2
7967 2
7968 2
7969 2
7970 2
7971 2
7972 2
7973 2
7974 1
7975 2
7976 2
7977 1
7978 2
7979 2
7980 2
7981 2
7982 1
7983 2
7984 2
7985 1
7986 2
7987 2
7988 1
7989 2
7990 2
7991 1
7992 2
7993 2
7994 2
7995 2
7996 1
7997 2
7998 2
7999 2
8000 2
8001 2
8002 1
8003 2
8004 1
8005 1
8006 1
8007 2
8008 2
8009 2
8010 2
8011 1
8012 2
8013 2
8014 2
8015 1
8016 1
8017 1
8018 1
8019 2
8020 1
8021 1
8022 1
8023 2
8024 2
8025 1
8026 2
8027 2
8028 1
8029 1
8030 1
8031 2
8032 2
8033 2
8034 1
8035 2
8036 2
8037 2
8038 1
8039 1
8040 1
8041 1
8042 1
8043 1
8044 2
8045 1
8046 1
8047 2
8048 1
8049 1
8050 2
8051 2
8052 1
8053 2
8054 2
8055 2
8056 1
8057 1
8058 2
8059 2
8060 1
8061 2
8062 1
8063 1
8064 2
8065 2
8066 1
8067 2
8068 1
8069 2
8070 2
8071 1
8072 2
8073 2
8074 2
8075 1
8076 2
8077 2
8078 2
8079 2
8080 2
8081 1
8082 1
8083 2
8084 2
8085 2
8086 2
8087 2
8088 1
8089 2
8090 2
8091 2
8092 2
8093 2
8094 2
8095 1
8096 1
8097 1
8098 1
8099 2
8100 1
8101 1
8102 2
8103 1
8104 2
8105 2
8106 2
8107 1
8108 1
8109 2
8110 1
8111 1
8112 2
8113 1
8114 2
8115 2
8116 1
8117 2
8118 2
8119 2
8120 2
8121 2
8122 1
8123 1
8124 2
8125 2
8126 2
8127 1
8128 1
8129 2
8130 2
8131 2
8132 2
8133 1
8134 2
8135 1
8136 1
8137 2
8138 2
8139 2
8140 2
8141 1
8142 2
8143 2
8144 1
8145 2
8146 1
8147 2
8148 2
8149 2
8150 1
8151 1
8152 1
8153 2
8154 1
8155 2
8156 2
8157 2
8158 1
8159 1
8160 1
8161 1
8162 1
8163 1
8164 1
8165 2
8166 2
8167 1
8168 2
8169 2
8170 2
8171 2
8172 2
8173 1
8174 2
8175 2
8176 1
8177 1
8178 2
8179 1
8180 2
8181 1
8182 2
8183 1
8184 2
8185 1
8186 2
8187 1
8188 2
8189 2
8190 1
8191 1
8192 1
8193 1
8194 2
8195 1
8196 2
8197 1
8198 2
8199 1
8200 1
8201 1
8202 2
8203 2
8204 2
8205 2
8206 1
8207 2
8208 2
8209 1
8210 2
8211 1
8212 1
8213 2
8214 1
8215 2
8216 1
8217 1
8218 2
8219 2
8220 2
8221 2
8222 2
8223 2
8224 2
8225 1
8226 2
8227 2
8228 2
8229 2
8230 2
8231 1
8232 2
8233 2
8234 1
8235 2
8236 1
8237 1
8238 1
8239 1
8240 1
8241 2
8242 2
8243 1
8244 1
8245 1
8246 2
8247 2
8248 1
8249 1
8250 2
8251 1
8252 2
8253 1
8254 1
8255 2
8256 1
8257 2
8258 2
8259 2
8260 1
8261 2
8262 2
8263 1
8264 1
8265 1
8266 2
8267 2
8268 1
8269 1
8270 1
8271 1
8272 1
8273 1
8274 1
8275 2
8276 2
8277 2
8278 2
8279 1
8280 2
8281 2
8282 2
8283 2
8284 1
8285 2
8286 2
8287 1
8288 2
8289 2
8290 1
8291 2
8292 1
8293 2
8294 2
8295 2
8296 1
8297 2
8298 2
8299 2
8300 2
8301 2
8302 2
8303 1
8304 1
8305 1
8306 2
8307 1
8308 2
8309 1
8310 1
8311 2
8312 1
8313 2
8314 2
8315 2
8316 1
8317 2
8318 2
8319 2
8320 1
8321 1
8322 1
8323 2
8324 1
8325 1
8326 2
8327 1
8328 2
8329 1
8330 1
8331 2
8332 2
8333 2
8334 1
8335 2
8336 2
8337 2
8338 2
8339 1
8340 1
8341 2
8342 2
8343 1
8344 2
8345 2
8346 1
8347 1
8348 1
8349 1
8350 1
8351 2
8352 2
8353 1
8354 1
8355 2
8356 1
8357 1
8358 2
8359 2
8360 2
8361 1
8362 2
8363 1
8364 1
8365 2
8366 2
8367 2
8368 1
8369 2
8370 1
8371 2
8372 1
8373 2
8374 1
8375 1
8376 2
8377 1
8378 2
8379 1
8380 2
8381 2
8382 1
8383 2
8384 2
8385 2
8386 2
8387 2
8388 1
8389 1
8390 1
8391 2
8392 2
8393 2
8394 2
8395 1
8396 1
8397 1
8398 2
8399 2
8400 2
8401 2
8402 2
8403 1
8404 2
8405 1
8406 1
8407 2
8408 2
8409 1
8410 2
8411 2
8412 1
8413 2
8414 1
8415 1
8416 2
8417 2
8418 1
8419 2
8420 2
8421 1
8422 2
8423 2
8424 1
8425 2
8426 2
8427 1
8428 1
8429 2
8430 1
8431 2
8432 2
8433 1
8434 1
8435 1
8436 1
8437 1
8438 1
8439 2
8440 2
8441 2
8442 2
8443 1
8444 2
8445 2
8446 2
8447 1
8448 1
8449 2
8450 2
8451 2
8452 2
8453 2
8454 2
8455 1
8456 2
8457 2
8458 1
8459 1
8460 2
8461 1
8462 1
8463 1
8464 2
8465 2
8466 1
8467 2
8468 1
8469 1
8470 1
8471 1
8472 2
8473 2
8474 2
8475 2
8476 1
8477 1
8478 2
8479 2
8480 1
8481 1
8482 2
8483 1
8484 1
8485 2
8486 1
8487 1
8488 2
8489 2
8490 2
8491 2
8492 2
8493 2
8494 1
8495 1
8496 1
8497 1
8498 2
8499 1
8500 1
8501 2
8502 1
8503 1
8504 2
8505 2
8506 2
8507 2
8508 2
8509 1
8510 2
8511 1
8512 2
8513 1
8514 1
8515 2
8516 1
8517 1
8518 2
8519 2
8520 1
8521 2
8522 1
8523 2
8524 2
8525 1
8526 2
8527 1
8528 2
8529 2
8530 1
8531 2
8532 2
8533 2
8534 1
8535 1
8536 2
8537 2
8538 2
8539 1
8540 1
8541 2
8542 2
8543 2
8544 2
8545 1
8546 1
8547 1
8548 1
8549 2
8550 2
8551 1
8552 2
8553 2
8554 2
8555 2
8556 2
8557 2
8558 2
8559 2
8560 1
8561 1
8562 1
8563 2
8564 1
8565 1
8566 2
8567 2
8568 1
8569 1
8570 1
8571 2
8572 2
8573 2
8574 1
8575 1
8576 2
8577 2
8578 2
8579 1
8580 2
8581 2
8582 2
8583 2
8584 2
8585 1
8586 2
8587 2
8588 2
8589 2
8590 2
8591 1
8592 2
8593 2
8594 1
8595 2
8596 2
8597 2
8598 1
8599 1
8600 2
8601 2
8602 2
8603 1
8604 1
8605 2
8606 2
8607 1
8608 1
8609 1
8610 1
8611 2
8612 2
8613 2
8614 2
8615 2
8616 2
8617 1
8618 2
8619 1
8620 1
8621 2
8622 1
8623 2
8624 1
8625 2
8626 2
8627 2
8628 2
8629 2
8630 1
8631 1
8632 2
8633 1
8634 2
8635 2
8636 2
8637 2
8638 1
8639 2
8640 2
8641 2
8642 2
8643 2
8644 2
8645 2
8646 2
8647 1
8648 1
8649 1
8650 1
8651 1
8652 1
8653 1
8654 1
8655 1
8656 1
8657 2
8658 1
8659 2
8660 2
8661 2
8662 2
8663 2
8664 2
8665 1
8666 1
8667 2
8668 2
8669 2
8670 1
8671 2
8672 2
8673 1
8674 2
8675 1
8676 2
8677 2
8678 1
8679 1
8680 1
8681 1
8682 1
8683 1
8684 2
8685 1
8686 1
8687 2
8688 1
8689 2
8690 1
8691 2
8692 2
8693 2
8694 1
8695 1
8696 1
8697 1
8698 2
8699 2
8700 2
8701 2
8702 2
8703 2
8704 2
8705 1
8706 2
8707 1
8708 2
8709 1
8710 2
8711 1
8712 1
8713 1
8714 2
8715 2
8716 1
8717 2
8718 2
8719 2
8720 1
8721 2
8722 2
8723 2
8724 2
8725 2
8726 1
8727 1
8728 2
8729 2
8730 2
8731 1
8732 2
8733 2
8734 1
8735 1
8736 1
8737 2
8738 1
8739 2
8740 2
8741 2
8742 1
8743 2
8744 1
8745 2
8746 2
8747 1
8748 1
8749 2
8750 1
8751 2
8752 2
8753 1
8754 1
8755 2
8756 2
8757 2
8758 1
8759 1
8760 2
8761 2
8762 2
8763 2
8764 2
8765 1
8766 2
8767 1
8768 1
8769 2
8770 1
8771 2
8772 1
8773 1
8774 2
8775 1
8776 2
8777 2
8778 2
8779 2
8780 2
8781 2
8782 1
8783 1
8784 2
8785 2
8786 2
8787 2
8788 1
8789 1
8790 1
8791 1
8792 2
8793 2
8794 1
8795 2
8796 2
8797 2
8798 2
8799 2
8800 2
8801 1
8802 2
8803 2
8804 2
8805 1
8806 2
8807 2
8808 1
8809 1
8810 2
8811 2
8812 2
8813 2
8814 1
8815 2
8816 1
8817 2
8818 2
8819 2
8820 2
8821 2
8822 2
8823 1
8824 2
8825 2
8826 2
8827 2
8828 1
8829 2
8830 2
8831 2
8832 2
8833 1
8834 1
8835 2
8836 2
8837 1
8838 1
8839 1
8840 1
8841 2
8842 2
8843 1
8844 2
8845 1
8846 2
8847 2
8848 1
8849 2
8850 2
8851 1
8852 1
8853 1
8854 2
8855 2
8856 2
8857 1
8858 2
8859 2
8860 1
8861 1
8862 2
8863 1
8864 1
8865 2
8866 1
8867 2
8868 1
8869 2
8870 2
8871 2
8872 1
8873 1
8874 2
8875 1
8876 2
8877 2
8878 2
8879 1
8880 1
8881 1
8882 1
8883 2
8884 2
8885 2
8886 1
8887 1
8888 2
8889 2
8890 2
8891 1
8892 2
8893 2
8894 2
8895 1
8896 2
8897 1
8898 2
8899 1
8900 1
8901 2
8902 1
8903 1
8904 2
8905 1
8906 1
8907 2
8908 1
8909 1
8910 1
8911 2
8912 2
8913 2
8914 2
8915 2
8916 2
8917 2
8918 1
8919 1
8920 2
8921 2
8922 1
8923 1
8924 1
8925 2
8926 1
8927 2
8928 2
8929 2
8930 1
8931 2
8932 2
8933 2
8934 1
8935 2
8936 2
8937 2
8938 2
8939 2
8940 1
8941 2
8942 2
8943 1
8944 1
8945 1
8946 1
8947 1
8948 1
8949 2
8950 2
8951 1
8952 2
8953 1
8954 1
8955 2
8956 1
8957 2
8958 2
8959 2
8960 2
8961 1
8962 1
8963 1
8964 2
8965 1
8966 2
8967 1
8968 2
8969 1
8970 2
8971 2
8972 1
8973 2
8974 2
8975 2
8976 2
8977 2
8978 2
8979 2
8980 2
8981 2
8982 2
8983 1
8984 1
8985 2
8986 2
8987 2
8988 2
8989 2
8990 1
8991 2
8992 1
8993 2
8994 1
8995 2
8996 1
8997 2
8998 1
8999 1
9000 2
