1 1
2 2
3 1
4 1
5 1
6 2
7 1
8 1
9 2
10 1
11 1
12 1
13 1
14 2
15 1
16 1
17 1
18 1
19 1
20 1
21 1
22 1
23 1
24 1
25 1
26 1
27 2
28 1
29 2
30 2
31 1
32 1
33 1
34 1
35 1
36 2
37 1
38 1
39 1
40 1
41 1
42 1
43 1
44 1
45 1
46 1
47 1
48 1
49 1
50 1
51 1
52 1
53 1
54 1
55 2
56 1
57 1
58 1
59 1
60 2
61 1
62 1
63 1
64 1
65 1
66 1
67 1
68 1
69 2
70 1
71 1
72 1
73 1
74 1
75 1
76 2
77 1
78 1
79 1
80 1
81 1
82 1
83 1
84 1
85 1
86 1
87 1
88 1
89 1
90 1
91 2
92 1
93 1
94 2
95 1
96 1
97 1
98 2
99 1
100 2
101 1
102 1
103 1
104 1
105 1
106 1
107 1
108 1
109 1
110 1
111 1
112 1
113 1
114 1
115 1
116 1
117 1
118 1
119 1
120 1
121 1
122 1
123 1
124 1
125 1
126 1
127 1
128 1
129 1
130 1
131 1
132 1
133 1
134 1
135 1
136 1
137 1
138 1
139 1
140 1
141 1
142 1
143 1
144 1
145 1
146 1
147 1
148 1
149 1
150 1
151 1
152 1
153 1
154 1
155 1
156 1
157 1
158 1
159 1
160 2
161 1
162 1
163 2
164 1
165 2
166 2
167 1
168 1
169 1
170 2
171 1
172 1
173 2
174 1
175 1
176 1
177 1
178 1
179 1
180 2
181 1
182 1
183 1
184 2
185 1
186 1
187 1
188 1
189 1
190 1
191 1
192 1
193 2
194 2
195 1
196 1
197 1
198 1
199 1
200 1
201 2
202 1
203 1
204 1
205 1
206 1
207 1
208 1
209 1
210 1
211 1
212 1
213 1
214 2
215 1
216 1
217 1
218 1
219 1
220 1
221 2
222 2
223 1
224 1
225 1
226 1
227 1
228 1
229 1
230 1
231 1
232 1
233 1
234 1
235 1
236 1
237 1
238 1
239 1
240 1
241 1
242 1
243 1
244 1
245 1
246 1
247 1
248 1
249 2
250 1
251 1
252 1
253 1
254 1
255 1
256 2
257 1
258 1
259 2
260 1
261 2
262 1
263 2
264 1
265 1
266 1
267 1
268 1
269 1
270 1
271 1
272 1
273 1
274 1
275 1
276 1
277 1
278 1
279 1
280 2
281 1
282 1
283 1
284 1
285 1
286 1
287 1
288 1
289 1
290 1
291 1
292 1
293 1
294 1
295 1
296 1
297 1
298 1
299 1
300 1
301 2
302 1
303 1
304 1
305 1
306 1
307 2
308 2
309 1
310 1
311 1
312 1
313 1
314 1
315 1
316 1
317 1
318 2
319 1
320 1
321 1
322 1
323 1
324 1
325 2
326 1
327 1
328 1
329 1
330 1
331 1
332 2
333 1
334 1
335 1
336 1
337 1
338 1
339 1
340 1
341 1
342 1
343 1
344 1
345 1
346 1
347 1
348 1
349 1
350 1
351 1
352 1
353 1
354 1
355 1
356 1
357 1
358 1
359 1
360 1
361 2
362 2
363 1
364 1
365 2
366 1
367 1
368 1
369 1
370 1
371 1
372 1
373 1
374 1
375 1
376 2
377 1
378 1
379 1
380 1
381 1
382 1
383 1
384 1
385 1
386 1
387 1
388 1
389 1
390 1
391 1
392 1
393 1
394 1
395 1
396 1
397 1
398 1
399 1
400 2
401 1
402 1
403 1
404 1
405 1
406 1
407 2
408 1
409 1
410 1
411 1
412 1
413 1
414 1
415 1
416 1
417 1
418 1
419 1
420 1
421 1
422 1
423 1
424 1
425 1
426 1
427 1
428 1
429 2
430 2
431 1
432 2
433 1
434 1
435 1
436 1
437 1
438 1
439 1
440 2
441 1
442 1
443 1
444 1
445 2
446 1
447 1
448 1
449 1
450 1
451 1
452 1
453 1
454 2
455 1
456 1
457 1
458 1
459 1
460 1
461 1
462 1
463 2
464 2
465 2
466 2
467 1
468 1
469 1
470 1
471 1
472 1
473 1
474 2
475 1
476 1
477 2
478 1
479 1
480 1
481 1
482 2
483 1
484 1
485 1
486 1
487 1
488 1
489 2
490 1
491 1
492 1
493 1
494 1
495 2
496 1
497 1
498 1
499 1
500 1
501 1
502 1
503 1
504 1
505 1
506 1
507 2
508 1
509 1
510 1
511 1
512 1
513 1
514 2
515 1
516 1
517 1
518 1
519 1
520 2
521 1
522 1
523 1
524 2
525 1
526 1
527 1
528 1
529 1
530 2
531 1
532 1
533 1
534 1
535 1
536 1
537 1
538 1
539 1
540 1
541 1
542 1
543 1
544 1
545 1
546 1
547 1
548 1
549 1
550 2
551 1
552 1
553 1
554 2
555 1
556 2
557 1
558 1
559 1
560 1
561 1
562 1
563 1
564 1
565 1
566 1
567 1
568 1
569 1
570 1
571 1
572 1
573 1
574 1
575 1
576 1
577 1
578 1
579 2
580 1
581 1
582 1
583 2
584 1
585 1
586 1
587 2
588 1
589 2
590 1
591 1
592 1
593 1
594 1
595 2
596 1
597 1
598 1
599 1
600 1
601 2
602 1
603 2
604 1
605 1
606 1
607 1
608 2
609 1
610 1
611 1
612 1
613 1
614 2
615 2
616 1
617 2
618 1
619 1
620 1
621 1
622 1
623 1
624 1
625 1
626 1
627 1
628 1
629 1
630 1
631 1
632 1
633 1
634 1
635 1
636 1
637 1
638 1
639 1
640 1
641 1
642 1
643 1
644 1
645 1
646 1
647 1
648 1
649 1
650 1
651 1
652 1
653 1
654 1
655 1
656 1
657 1
658 1
659 2
660 2
661 2
662 1
663 1
664 1
665 2
666 1
667 2
668 1
669 1
670 1
671 2
672 1
673 1
674 1
675 1
676 1
677 1
678 1
679 1
680 1
681 1
682 1
683 1
684 1
685 1
686 1
687 1
688 1
689 1
690 1
691 1
692 2
693 1
694 1
695 1
696 1
697 1
698 1
699 1
700 1
701 1
702 1
703 1
704 1
705 1
706 1
707 1
708 1
709 1
710 1
711 1
712 1
713 1
714 1
715 1
716 2
717 1
718 1
719 1
720 1
721 1
722 1
723 1
724 1
725 2
726 1
727 1
728 2
729 1
730 1
731 2
732 1
733 1
734 2
735 1
736 1
737 1
738 1
739 2
740 1
741 1
742 1
743 1
744 1
745 1
746 1
747 1
748 1
749 1
750 2
751 1
752 1
753 1
754 1
755 1
756 1
757 1
758 1
759 1
760 1
761 1
762 1
763 1
764 1
765 1
766 1
767 1
768 1
769 1
770 1
771 2
772 2
773 1
774 1
775 1
776 2
777 1
778 1
779 1
780 1
781 2
782 1
783 1
784 2
785 2
786 2
787 1
788 1
789 1
790 1
791 1
792 2
793 1
794 1
795 1
796 1
797 1
798 1
799 1
800 1
801 1
802 1
803 1
804 2
805 1
806 1
807 1
808 1
809 2
810 1
811 2
812 1
813 1
814 1
815 1
816 2
817 1
818 1
819 2
820 2
821 1
822 1
823 2
824 1
825 2
826 1
827 1
828 1
829 1
830 1
831 1
832 1
833 2
834 2
835 1
836 1
837 2
838 1
839 1
840 1
841 2
842 1
843 1
844 1
845 2
846 1
847 1
848 1
849 1
850 1
851 1
852 1
853 1
854 1
855 1
856 2
857 2
858 2
859 1
860 1
861 1
862 1
863 1
864 2
865 2
866 1
867 1
868 1
869 1
870 1
871 1
872 2
873 2
874 1
875 1
876 1
877 1
878 1
879 1
880 1
881 1
882 1
883 1
884 1
885 1
886 1
887 2
888 1
889 2
890 1
891 2
892 1
893 1
894 1
895 1
896 1
897 1
898 1
899 1
900 1
901 1
902 1
903 1
904 1
905 1
906 1
907 1
908 1
909 1
910 1
911 1
912 2
913 1
914 1
915 1
916 1
917 1
918 2
919 1
920 1
921 1
922 1
923 1
924 1
925 1
926 1
927 1
928 2
929 1
930 2
931 1
932 1
933 1
934 2
935 2
936 1
937 1
938 1
939 1
940 2
941 1
942 1
943 1
944 1
945 1
946 1
947 1
948 1
949 1
950 1
951 2
952 1
953 2
954 1
955 1
956 1
957 1
958 1
959 1
960 2
961 1
962 1
963 1
964 1
965 1
966 1
967 1
968 1
969 1
970 1
971 1
972 1
973 1
974 1
975 1
976 2
977 1
978 1
979 2
980 2
981 1
982 1
983 2
984 1
985 1
986 1
987 1
988 1
989 1
990 1
991 1
992 1
993 1
994 1
995 1
996 1
997 1
998 2
999 1
1000 1
1001 2
1002 1
1003 1
1004 1
1005 2
1006 1
1007 1
1008 2
1009 2
1010 1
1011 1
1012 2
1013 1
1014 1
1015 1
1016 1
1017 1
1018 1
1019 1
1020 1
1021 1
1022 1
1023 1
1024 2
1025 1
1026 1
1027 1
1028 1
1029 2
1030 1
1031 1
1032 1
1033 2
1034 1
1035 1
1036 1
1037 1
1038 1
1039 1
1040 2
1041 1
1042 2
1043 1
1044 2
1045 1
1046 1
1047 2
1048 1
1049 1
1050 1
1051 1
1052 1
1053 1
1054 1
1055 1
1056 1
1057 1
1058 1
1059 2
1060 1
1061 1
1062 1
1063 1
1064 1
1065 1
1066 1
1067 2
1068 1
1069 1
1070 1
1071 2
1072 1
1073 1
1074 1
1075 1
1076 1
1077 1
1078 1
1079 1
1080 1
1081 1
1082 2
1083 1
1084 1
1085 2
1086 1
1087 1
1088 1
1089 2
1090 2
1091 1
1092 2
1093 2
1094 2
1095 1
1096 2
1097 1
1098 1
1099 2
1100 1
1101 1
1102 1
1103 2
1104 1
1105 1
1106 1
1107 1
1108 1
1109 1
1110 1
1111 2
1112 1
1113 1
1114 1
1115 1
1116 1
1117 1
1118 1
1119 1
1120 1
1121 2
1122 2
1123 1
1124 1
1125 1
1126 2
1127 2
1128 2
1129 1
1130 2
1131 1
1132 1
1133 1
1134 1
1135 1
1136 1
1137 1
1138 2
1139 1
1140 1
1141 1
1142 1
1143 1
1144 2
1145 1
1146 1
1147 1
1148 1
1149 1
1150 1
1151 1
1152 1
1153 2
1154 1
1155 2
1156 1
1157 1
1158 2
1159 1
1160 1
1161 1
1162 1
1163 2
1164 2
1165 1
1166 1
1167 1
1168 1
1169 1
1170 1
1171 1
1172 1
1173 1
1174 2
1175 2
1176 1
1177 1
1178 1
1179 1
1180 2
1181 2
1182 2
1183 1
1184 1
1185 1
1186 1
1187 1
1188 2
1189 1
1190 2
1191 1
1192 1
1193 1
1194 2
1195 1
1196 1
1197 1
1198 1
1199 2
1200 1
1201 1
1202 1
1203 1
1204 1
1205 1
1206 1
1207 2
1208 1
1209 1
1210 1
1211 2
1212 1
1213 1
1214 1
1215 2
1216 2
1217 1
1218 2
1219 1
1220 1
1221 1
1222 1
1223 1
1224 1
1225 1
1226 1
1227 2
1228 1
1229 1
1230 1
1231 1
1232 2
1233 1
1234 2
1235 1
1236 1
1237 2
1238 1
1239 1
1240 2
1241 1
1242 1
1243 1
1244 1
1245 1
1246 2
1247 1
1248 1
1249 1
1250 1
1251 1
1252 1
1253 1
1254 1
1255 1
1256 1
1257 1
1258 2
1259 1
1260 1
1261 1
1262 1
1263 1
1264 1
1265 1
1266 2
1267 1
1268 2
1269 1
1270 1
1271 1
1272 2
1273 1
1274 1
1275 1
1276 1
1277 1
1278 1
1279 1
1280 1
1281 1
1282 1
1283 1
1284 1
1285 1
1286 1
1287 1
1288 1
1289 1
1290 1
1291 1
1292 1
1293 1
1294 1
1295 1
1296 1
1297 1
1298 1
1299 2
1300 1
1301 1
1302 2
1303 1
1304 1
1305 1
1306 1
1307 1
1308 1
1309 1
1310 1
1311 2
1312 1
1313 1
1314 1
1315 1
1316 1
1317 1
1318 1
1319 2
1320 1
1321 1
1322 1
1323 1
1324 1
1325 2
1326 1
1327 2
1328 1
1329 1
1330 2
1331 1
1332 1
1333 2
1334 1
1335 1
1336 2
1337 1
1338 1
1339 1
1340 1
1341 1
1342 2
1343 1
1344 1
1345 2
1346 1
1347 1
1348 1
1349 1
1350 1
1351 1
1352 1
1353 1
1354 1
1355 1
1356 2
1357 2
1358 2
1359 1
1360 1
1361 1
1362 1
1363 2
1364 1
1365 1
1366 1
1367 1
1368 2
1369 1
1370 1
1371 1
1372 1
1373 1
1374 1
1375 1
1376 2
1377 2
1378 1
1379 2
1380 1
1381 1
1382 1
1383 1
1384 1
1385 2
1386 1
1387 2
1388 1
1389 2
1390 2
1391 1
1392 2
1393 1
1394 1
1395 1
1396 1
1397 1
1398 1
1399 1
1400 1
1401 1
1402 2
1403 1
1404 1
1405 1
1406 1
1407 2
1408 2
1409 2
1410 1
1411 1
1412 2
1413 1
1414 1
1415 1
1416 1
1417 1
1418 1
1419 2
1420 1
1421 1
1422 2
1423 2
1424 2
1425 1
1426 1
1427 2
1428 2
1429 1
1430 1
1431 1
1432 2
1433 2
1434 1
1435 1
1436 1
1437 1
1438 1
1439 1
1440 1
1441 1
1442 1
1443 1
1444 1
1445 1
1446 2
1447 1
1448 1
1449 1
1450 1
1451 1
1452 1
1453 1
1454 1
1455 1
1456 2
1457 1
1458 1
1459 2
1460 1
1461 1
1462 1
1463 2
1464 1
1465 2
1466 2
1467 1
1468 1
1469 1
1470 1
1471 1
1472 1
1473 2
1474 2
1475 1
1476 2
1477 1
1478 1
1479 1
1480 1
1481 1
1482 1
1483 2
1484 2
1485 2
1486 1
1487 1
1488 1
1489 2
1490 1
1491 2
1492 2
1493 1
1494 1
1495 1
1496 1
1497 2
1498 1
1499 1
1500 1
1501 1
1502 1
1503 2
1504 1
1505 1
1506 1
1507 1
1508 1
1509 1
1510 1
1511 1
1512 1
1513 1
1514 1
1515 1
1516 1
1517 2
1518 1
1519 2
1520 1
1521 1
1522 1
1523 1
1524 2
1525 1
1526 1
1527 2
1528 2
1529 1
1530 1
1531 1
1532 1
1533 1
1534 1
1535 1
1536 1
1537 1
1538 1
1539 1
1540 2
1541 2
1542 1
1543 1
1544 1
1545 1
1546 1
1547 2
1548 1
1549 1
1550 2
1551 1
1552 1
1553 1
1554 1
1555 1
1556 1
1557 1
1558 1
1559 1
1560 1
1561 1
1562 1
1563 1
1564 1
1565 2
1566 1
1567 1
1568 1
1569 1
1570 1
1571 1
1572 2
1573 2
1574 1
1575 1
1576 1
1577 1
1578 2
1579 1
1580 1
1581 2
1582 2
1583 1
1584 1
1585 1
1586 1
1587 2
1588 2
1589 1
1590 1
1591 1
1592 1
1593 1
1594 1
1595 1
1596 1
1597 1
1598 1
1599 1
1600 2
1601 1
1602 1
1603 1
1604 2
1605 2
1606 1
1607 2
1608 1
1609 2
1610 1
1611 2
1612 1
1613 1
1614 1
1615 1
1616 1
1617 2
1618 1
1619 1
1620 1
1621 1
1622 1
1623 2
1624 2
1625 1
1626 2
1627 1
1628 2
1629 1
1630 1
1631 1
1632 2
1633 2
1634 1
1635 1
1636 1
1637 2
1638 1
1639 1
1640 1
1641 1
1642 1
1643 1
1644 1
1645 1
1646 1
1647 2
1648 1
1649 2
1650 1
1651 1
1652 1
1653 1
1654 2
1655 2
1656 2
1657 2
1658 2
1659 1
1660 1
1661 1
1662 1
1663 2
1664 1
1665 2
1666 1
1667 2
1668 1
1669 1
1670 1
1671 1
1672 1
1673 1
1674 1
1675 1
1676 1
1677 2
1678 1
1679 1
1680 1
1681 2
1682 1
1683 1
1684 1
1685 1
1686 1
1687 1
1688 1
1689 2
1690 1
1691 1
1692 1
1693 1
1694 1
1695 1
1696 1
1697 1
1698 1
1699 1
1700 1
1701 1
1702 1
1703 1
1704 1
1705 2
1706 1
1707 2
1708 2
1709 1
1710 2
1711 1
1712 1
1713 2
1714 1
1715 1
1716 1
1717 1
1718 2
1719 1
1720 1
1721 2
1722 2
1723 1
1724 2
1725 1
1726 1
1727 1
1728 1
1729 2
1730 2
1731 1
1732 2
1733 1
1734 1
1735 1
1736 1
1737 1
1738 2
1739 1
1740 1
1741 1
1742 1
1743 2
1744 1
1745 1
1746 1
1747 1
1748 1
1749 1
1750 2
1751 1
1752 1
1753 1
1754 1
1755 1
1756 1
1757 1
1758 2
1759 1
1760 1
1761 2
1762 1
1763 1
1764 1
1765 1
1766 1
1767 1
1768 2
1769 1
1770 1
1771 1
1772 2
1773 2
1774 1
1775 2
1776 1
1777 1
1778 1
1779 2
1780 2
1781 1
1782 2
1783 1
1784 2
1785 1
1786 1
1787 1
1788 2
1789 1
1790 1
1791 1
1792 1
1793 1
1794 1
1795 1
1796 1
1797 1
1798 2
1799 1
1800 2
1801 1
1802 1
1803 1
1804 1
1805 1
1806 1
1807 1
1808 1
1809 1
1810 1
1811 1
1812 1
1813 1
1814 2
1815 1
1816 2
1817 2
1818 1
1819 1
1820 1
1821 1
1822 1
1823 2
1824 1
1825 2
1826 1
1827 1
1828 2
1829 1
1830 1
1831 1
1832 1
1833 1
1834 1
1835 2
1836 2
1837 1
1838 2
1839 1
1840 1
1841 1
1842 1
1843 1
1844 1
1845 1
1846 1
1847 1
1848 1
1849 1
1850 1
1851 2
1852 1
1853 2
1854 1
1855 1
1856 2
1857 1
1858 1
1859 1
1860 2
1861 1
1862 1
1863 1
1864 2
1865 1
1866 1
1867 1
1868 2
1869 1
1870 2
1871 1
1872 1
1873 1
1874 1
1875 1
1876 2
1877 1
1878 1
1879 2
1880 2
1881 1
1882 2
1883 2
1884 2
1885 1
1886 1
1887 1
1888 1
1889 1
1890 1
1891 1
1892 1
1893 1
1894 2
1895 1
1896 1
1897 1
1898 1
1899 1
1900 1
1901 1
1902 1
1903 1
1904 2
1905 1
1906 1
1907 1
1908 1
1909 2
1910 2
1911 1
1912 1
1913 1
1914 1
1915 1
1916 1
1917 2
1918 1
1919 2
1920 1
1921 1
1922 2
1923 1
1924 2
1925 2
1926 1
1927 2
1928 2
1929 1
1930 2
1931 1
1932 1
1933 1
1934 1
1935 1
1936 2
1937 2
1938 1
1939 2
1940 2
1941 1
1942 1
1943 1
1944 1
1945 2
1946 2
1947 1
1948 1
1949 2
1950 1
1951 2
1952 2
1953 2
1954 1
1955 1
1956 1
1957 1
1958 1
1959 1
1960 1
1961 1
1962 1
1963 2
1964 1
1965 1
1966 1
1967 1
1968 1
1969 1
1970 1
1971 1
1972 1
1973 2
1974 1
1975 1
1976 1
1977 1
1978 2
1979 2
1980 1
1981 2
1982 1
1983 2
1984 2
1985 1
1986 2
1987 1
1988 1
1989 1
1990 2
1991 1
1992 2
1993 1
1994 1
1995 2
1996 1
1997 2
1998 2
1999 1
2000 1
2001 1
2002 1
2003 1
2004 1
2005 2
2006 1
2007 1
2008 1
2009 1
2010 1
2011 1
2012 1
2013 1
2014 1
2015 2
2016 2
2017 1
2018 2
2019 1
2020 1
2021 2
2022 1
2023 1
2024 1
2025 1
2026 2
2027 2
2028 1
2029 2
2030 1
2031 1
2032 2
2033 2
2034 1
2035 2
2036 2
2037 1
2038 2
2039 2
2040 2
2041 2
2042 1
2043 1
2044 2
2045 2
2046 1
2047 2
2048 2
2049 1
2050 2
2051 1
2052 1
2053 2
2054 1
2055 2
2056 1
2057 1
2058 1
2059 1
2060 1
2061 1
2062 1
2063 1
2064 1
2065 2
2066 1
2067 2
2068 2
2069 2
2070 1
2071 2
2072 1
2073 1
2074 1
2075 1
2076 2
2077 1
2078 2
2079 1
2080 2
2081 1
2082 1
2083 1
2084 1
2085 1
2086 1
2087 2
2088 1
2089 1
2090 1
2091 2
2092 1
2093 1
2094 2
2095 1
2096 2
2097 1
2098 1
2099 1
2100 1
2101 1
2102 2
2103 1
2104 1
2105 1
2106 1
2107 2
2108 2
2109 1
2110 2
2111 2
2112 1
2113 2
2114 1
2115 2
2116 1
2117 2
2118 1
2119 1
2120 1
2121 1
2122 1
2123 1
2124 1
2125 1
2126 1
2127 2
2128 1
2129 1
2130 2
2131 1
2132 1
2133 1
2134 1
2135 1
2136 2
2137 1
2138 1
2139 1
2140 1
2141 1
2142 1
2143 2
2144 1
2145 1
2146 2
2147 1
2148 1
2149 1
2150 1
2151 1
2152 1
2153 1
2154 1
2155 2
2156 2
2157 1
2158 2
2159 1
2160 1
2161 1
2162 2
2163 1
2164 2
2165 1
2166 1
2167 2
2168 1
2169 1
2170 1
2171 2
2172 2
2173 2
2174 1
2175 1
2176 1
2177 2
2178 1
2179 1
2180 1
2181 1
2182 1
2183 1
2184 1
2185 1
2186 2
2187 2
2188 1
2189 2
2190 1
2191 1
2192 2
2193 1
2194 1
2195 1
2196 2
2197 2
2198 2
2199 1
2200 1
2201 1
2202 1
2203 1
2204 2
2205 1
2206 2
2207 2
2208 2
2209 1
2210 1
2211 1
2212 2
2213 2
2214 2
2215 2
2216 2
2217 2
2218 1
2219 2
2220 2
2221 2
2222 1
2223 1
2224 1
2225 2
2226 2
2227 1
2228 1
2229 1
2230 1
2231 1
2232 1
2233 2
2234 1
2235 1
2236 1
2237 2
2238 1
2239 1
2240 1
2241 2
2242 2
2243 1
2244 2
2245 1
2246 1
2247 1
2248 2
2249 2
2250 1
2251 1
2252 2
2253 2
2254 2
2255 2
2256 2
2257 2
2258 1
2259 1
2260 2
2261 1
2262 2
2263 2
2264 2
2265 2
2266 1
2267 1
2268 2
2269 2
2270 1
2271 2
2272 2
2273 1
2274 1
2275 1
2276 1
2277 1
2278 2
2279 1
2280 2
2281 1
2282 2
2283 1
2284 2
2285 1
2286 1
2287 1
2288 1
2289 1
2290 1
2291 2
2292 1
2293 1
2294 1
2295 2
2296 2
2297 2
2298 1
2299 1
2300 1
2301 1
2302 1
2303 1
2304 2
2305 1
2306 1
2307 1
2308 1
2309 1
2310 1
2311 2
2312 1
2313 1
2314 1
2315 1
2316 1
2317 2
2318 2
2319 2
2320 2
2321 1
2322 1
2323 1
2324 1
2325 1
2326 1
2327 1
2328 2
2329 1
2330 1
2331 2
2332 2
2333 1
2334 1
2335 1
2336 1
2337 1
2338 2
2339 1
2340 1
2341 1
2342 1
2343 2
2344 1
2345 1
2346 1
2347 1
2348 1
2349 1
2350 1
2351 1
2352 1
2353 2
2354 2
2355 1
2356 1
2357 2
2358 1
2359 2
2360 1
2361 2
2362 1
2363 1
2364 2
2365 2
2366 1
2367 1
2368 1
2369 2
2370 2
2371 2
2372 1
2373 1
2374 1
2375 1
2376 1
2377 1
2378 1
2379 1
2380 2
2381 1
2382 2
2383 2
2384 2
2385 1
2386 1
2387 1
2388 1
2389 1
2390 2
2391 2
2392 1
2393 1
2394 1
2395 1
2396 1
2397 2
2398 1
2399 2
2400 2
2401 1
2402 1
2403 1
2404 1
2405 1
2406 1
2407 2
2408 2
2409 1
2410 1
2411 1
2412 1
2413 1
2414 1
2415 2
2416 1
2417 1
2418 2
2419 2
2420 2
2421 1
2422 1
2423 2
2424 1
2425 1
2426 1
2427 2
2428 1
2429 2
2430 2
2431 1
2432 1
2433 1
2434 1
2435 1
2436 2
2437 2
2438 1
2439 2
2440 2
2441 2
2442 1
2443 2
2444 2
2445 1
2446 2
2447 1
2448 2
2449 2
2450 1
2451 1
2452 1
2453 1
2454 1
2455 1
2456 2
2457 2
2458 1
2459 1
2460 2
2461 2
2462 1
2463 2
2464 2
2465 1
2466 2
2467 2
2468 2
2469 1
2470 1
2471 1
2472 1
2473 1
2474 2
2475 2
2476 1
2477 1
2478 1
2479 1
2480 1
2481 1
2482 2
2483 1
2484 2
2485 2
2486 2
2487 2
2488 2
2489 1
2490 2
2491 1
2492 2
2493 1
2494 1
2495 1
2496 1
2497 1
2498 1
2499 2
2500 1
2501 2
2502 2
2503 1
2504 1
2505 1
2506 2
2507 1
2508 1
2509 1
2510 1
2511 2
2512 1
2513 2
2514 2
2515 1
2516 1
2517 2
2518 2
2519 1
2520 1
2521 2
2522 2
2523 1
2524 1
2525 2
2526 2
2527 2
2528 1
2529 1
2530 1
2531 2
2532 2
2533 2
2534 2
2535 1
2536 2
2537 1
2538 2
2539 2
2540 1
2541 2
2542 1
2543 1
2544 1
2545 1
2546 1
2547 1
2548 2
2549 1
2550 2
2551 2
2552 1
2553 1
2554 1
2555 2
2556 2
2557 2
2558 2
2559 2
2560 1
2561 1
2562 2
2563 2
2564 1
2565 2
2566 1
2567 1
2568 1
2569 2
2570 1
2571 1
2572 1
2573 2
2574 2
2575 1
2576 2
2577 2
2578 2
2579 1
2580 1
2581 2
2582 1
2583 1
2584 2
2585 2
2586 2
2587 1
2588 2
2589 1
2590 2
2591 2
2592 1
2593 1
2594 1
2595 1
2596 1
2597 2
2598 1
2599 2
2600 2
2601 1
2602 1
2603 2
2604 2
2605 1
2606 2
2607 1
2608 1
2609 2
2610 1
2611 1
2612 2
2613 1
2614 1
2615 2
2616 1
2617 2
2618 2
2619 2
2620 2
2621 1
2622 1
2623 1
2624 1
2625 2
2626 1
2627 1
2628 2
2629 1
2630 1
2631 2
2632 1
2633 2
2634 1
2635 1
2636 2
2637 2
2638 1
2639 2
2640 2
2641 1
2642 1
2643 2
2644 2
2645 2
2646 1
2647 2
2648 2
2649 1
2650 1
2651 1
2652 1
2653 1
2654 2
2655 1
2656 2
2657 1
2658 2
2659 1
2660 2
2661 1
2662 2
2663 1
2664 2
2665 1
2666 1
2667 1
2668 1
2669 1
2670 1
2671 1
2672 2
2673 1
2674 2
2675 1
2676 2
2677 2
2678 1
2679 2
2680 2
2681 2
2682 2
2683 1
2684 1
2685 1
2686 1
2687 1
2688 1
2689 1
2690 1
2691 1
2692 1
2693 1
2694 1
2695 2
2696 1
2697 2
2698 1
2699 1
2700 2
2701 1
2702 2
2703 2
2704 1
2705 1
2706 2
2707 2
2708 1
2709 2
2710 2
2711 2
2712 1
2713 2
2714 1
2715 1
2716 2
2717 1
2718 1
2719 1
2720 2
2721 1
2722 1
2723 2
2724 2
2725 1
2726 1
2727 1
2728 2
2729 1
2730 1
2731 1
2732 1
2733 1
2734 2
2735 1
2736 2
2737 2
2738 2
2739 2
2740 1
2741 2
2742 2
2743 2
2744 1
2745 1
2746 2
2747 1
2748 1
2749 1
2750 2
2751 2
2752 2
2753 2
2754 2
2755 2
2756 1
2757 1
2758 2
2759 2
2760 1
2761 2
2762 2
2763 1
2764 2
2765 1
2766 1
2767 1
2768 1
2769 1
2770 2
2771 1
2772 1
2773 1
2774 1
2775 1
2776 1
2777 2
2778 2
2779 1
2780 1
2781 2
2782 1
2783 1
2784 1
2785 1
2786 2
2787 1
2788 2
2789 2
2790 1
2791 2
2792 2
2793 1
2794 2
2795 2
2796 1
2797 1
2798 2
2799 2
2800 2
2801 2
2802 2
2803 1
2804 1
2805 2
2806 1
2807 2
2808 1
2809 2
2810 2
2811 1
2812 1
2813 1
2814 1
2815 2
2816 1
2817 2
2818 1
2819 1
2820 2
2821 2
2822 2
2823 1
2824 1
2825 1
2826 2
2827 2
2828 2
2829 1
2830 1
2831 2
2832 2
2833 1
2834 1
2835 2
2836 1
2837 1
2838 2
2839 1
2840 1
2841 1
2842 1
2843 2
2844 2
2845 2
2846 2
2847 1
2848 1
2849 2
2850 1
2851 1
2852 1
2853 2
2854 1
2855 2
2856 1
2857 2
2858 1
2859 2
2860 2
2861 2
2862 1
2863 1
2864 1
2865 1
2866 1
2867 1
2868 1
2869 1
2870 2
2871 2
2872 2
2873 2
2874 2
2875 2
2876 1
2877 2
2878 1
2879 2
2880 1
2881 2
2882 1
2883 1
2884 1
2885 1
2886 1
2887 2
2888 1
2889 2
2890 2
2891 2
2892 2
2893 2
2894 1
2895 1
2896 1
2897 1
2898 2
2899 2
2900 2
2901 1
2902 2
2903 2
2904 2
2905 2
2906 2
2907 2
2908 2
2909 2
2910 1
2911 1
2912 2
2913 2
2914 1
2915 1
2916 2
2917 2
2918 2
2919 2
2920 2
2921 1
2922 2
2923 2
2924 1
2925 1
2926 1
2927 2
2928 1
2929 2
2930 2
2931 2
2932 1
2933 1
2934 1
2935 2
2936 1
2937 1
2938 2
2939 2
2940 2
2941 2
2942 2
2943 2
2944 1
2945 1
2946 2
2947 1
2948 1
2949 1
2950 2
2951 2
2952 1
2953 1
2954 2
2955 1
2956 2
2957 2
2958 1
2959 2
2960 2
2961 2
2962 1
2963 2
2964 2
2965 2
2966 2
2967 2
2968 2
2969 1
2970 2
2971 2
2972 1
2973 1
2974 2
2975 1
2976 2
2977 2
2978 2
2979 1
2980 1
2981 2
2982 2
2983 2
2984 2
2985 2
2986 1
2987 2
2988 2
2989 2
2990 2
2991 1
2992 1
2993 1
2994 1
2995 2
2996 1
2997 1
2998 2
2999 2
3000 1
3001 2
3002 1
3003 1
3004 1
3005 2
3006 2
3007 1
3008 2
3009 2
3010 2
3011 1
3012 1
3013 1
3014 1
3015 2
3016 2
3017 1
3018 2
3019 1
3020 2
3021 1
3022 2
3023 1
3024 1
3025 1
3026 1
3027 1
3028 1
3029 1
3030 2
3031 1
3032 1
3033 1
3034 1
3035 1
3036 1
3037 2
3038 2
3039 1
3040 2
3041 1
3042 2
3043 1
3044 1
3045 1
3046 2
3047 2
3048 2
3049 1
3050 1
3051 2
3052 1
3053 1
3054 2
3055 1
3056 2
3057 2
3058 2
3059 2
3060 2
3061 1
3062 2
3063 2
3064 2
3065 1
3066 2
3067 1
3068 1
3069 2
3070 2
3071 2
3072 2
3073 1
3074 2
3075 2
3076 2
3077 1
3078 2
3079 1
3080 2
3081 1
3082 2
3083 2
3084 1
3085 1
3086 1
3087 2
3088 2
3089 1
3090 2
3091 1
3092 2
3093 2
3094 1
3095 1
3096 1
3097 2
3098 2
3099 2
3100 1
3101 1
3102 2
3103 2
3104 2
3105 2
3106 2
3107 1
3108 1
3109 2
3110 1
3111 2
3112 2
3113 2
3114 1
3115 2
3116 1
3117 2
3118 2
3119 2
3120 2
3121 2
3122 2
3123 2
3124 2
3125 1
3126 2
3127 1
3128 1
3129 2
3130 1
3131 1
3132 2
3133 2
3134 1
3135 2
3136 1
3137 1
3138 2
3139 2
3140 2
3141 1
3142 2
3143 2
3144 2
3145 1
3146 1
3147 2
3148 2
3149 1
3150 1
3151 2
3152 2
3153 2
3154 1
3155 2
3156 2
3157 2
3158 2
3159 2
3160 2
3161 2
3162 1
3163 1
3164 1
3165 1
3166 2
3167 2
3168 2
3169 2
3170 1
3171 2
3172 1
3173 2
3174 2
3175 2
3176 1
3177 2
3178 2
3179 1
3180 2
3181 2
3182 2
3183 1
3184 2
3185 1
3186 1
3187 2
3188 1
3189 1
3190 2
3191 1
3192 2
3193 1
3194 1
3195 2
3196 2
3197 2
3198 1
3199 2
3200 2
3201 2
3202 1
3203 2
3204 1
3205 1
3206 2
3207 2
3208 1
3209 1
3210 1
3211 1
3212 2
3213 2
3214 1
3215 2
3216 1
3217 1
3218 1
3219 2
3220 2
3221 2
3222 2
3223 2
3224 2
3225 1
3226 2
3227 2
3228 2
3229 2
3230 1
3231 2
3232 1
3233 1
3234 2
3235 1
3236 1
3237 2
3238 1
3239 1
3240 1
3241 1
3242 1
3243 2
3244 2
3245 2
3246 2
3247 2
3248 1
3249 1
3250 1
3251 2
3252 2
3253 1
3254 2
3255 1
3256 1
3257 2
3258 1
3259 1
3260 1
3261 1
3262 1
3263 2
3264 2
3265 2
3266 2
3267 1
3268 1
3269 1
3270 2
3271 2
3272 1
3273 1
3274 1
3275 2
3276 1
3277 2
3278 1
3279 2
3280 1
3281 1
3282 2
3283 2
3284 1
3285 1
3286 1
3287 2
3288 1
3289 1
3290 2
3291 1
3292 2
3293 1
3294 1
3295 2
3296 1
3297 2
3298 2
3299 2
3300 1
3301 2
3302 2
3303 1
3304 1
3305 2
3306 2
3307 2
3308 1
3309 2
3310 2
3311 1
3312 2
3313 2
3314 1
3315 2
3316 1
3317 2
3318 1
3319 2
3320 1
3321 2
3322 2
3323 2
3324 1
3325 2
3326 2
3327 1
3328 1
3329 1
3330 2
3331 2
3332 2
3333 2
3334 2
3335 2
3336 2
3337 2
3338 2
3339 2
3340 1
3341 1
3342 2
3343 2
3344 2
3345 1
3346 1
3347 1
3348 1
3349 2
3350 1
3351 2
3352 1
3353 2
3354 1
3355 1
3356 1
3357 1
3358 1
3359 2
3360 1
3361 2
3362 1
3363 2
3364 2
3365 2
3366 2
3367 1
3368 1
3369 2
3370 2
3371 1
3372 1
3373 1
3374 2
3375 1
3376 1
3377 1
3378 2
3379 2
3380 1
3381 1
3382 1
3383 2
3384 1
3385 1
3386 2
3387 1
3388 1
3389 2
3390 2
3391 2
3392 2
3393 2
3394 1
3395 1
3396 1
3397 1
3398 1
3399 2
3400 2
3401 2
3402 1
3403 1
3404 2
3405 1
3406 1
3407 1
3408 2
3409 1
3410 2
3411 2
3412 1
3413 2
3414 2
3415 1
3416 1
3417 2
3418 1
3419 1
3420 2
3421 2
3422 1
3423 1
3424 1
3425 2
3426 1
3427 2
3428 1
3429 1
3430 2
3431 1
3432 1
3433 1
3434 2
3435 1
3436 1
3437 1
3438 1
3439 1
3440 2
3441 1
3442 1
3443 1
3444 1
3445 1
3446 1
3447 2
3448 1
3449 2
3450 2
3451 1
3452 1
3453 2
3454 2
3455 1
3456 1
3457 1
3458 1
3459 1
3460 2
3461 1
3462 2
3463 1
3464 1
3465 1
3466 2
3467 1
3468 2
3469 2
3470 2
3471 2
3472 2
3473 2
3474 1
3475 1
3476 2
3477 1
3478 1
3479 2
3480 2
3481 1
3482 1
3483 1
3484 1
3485 1
3486 2
3487 1
3488 1
3489 2
3490 1
3491 2
3492 1
3493 1
3494 1
3495 1
3496 1
3497 1
3498 2
3499 2
3500 2
3501 2
3502 2
3503 2
3504 1
3505 2
3506 2
3507 2
3508 2
3509 2
3510 2
3511 2
3512 2
3513 2
3514 1
3515 2
3516 1
3517 1
3518 1
3519 1
3520 2
3521 2
3522 1
3523 1
3524 2
3525 2
3526 1
3527 2
3528 2
3529 1
3530 1
3531 1
3532 1
3533 2
3534 2
3535 1
3536 2
3537 2
3538 1
3539 1
3540 2
3541 2
3542 1
3543 1
3544 2
3545 2
3546 1
3547 2
3548 2
3549 1
3550 1
3551 2
3552 1
3553 2
3554 1
3555 2
3556 1
3557 1
3558 2
3559 2
3560 1
3561 2
3562 1
3563 2
3564 1
3565 2
3566 2
3567 2
3568 2
3569 2
3570 1
3571 2
3572 2
3573 1
3574 2
3575 2
3576 2
3577 1
3578 1
3579 2
3580 2
3581 2
3582 2
3583 2
3584 2
3585 1
3586 1
3587 2
3588 1
3589 1
3590 1
3591 1
3592 2
3593 2
3594 2
3595 2
3596 2
3597 1
3598 2
3599 2
3600 2
3601 1
3602 1
3603 1
3604 2
3605 2
3606 2
3607 2
3608 1
3609 1
3610 1
3611 1
3612 2
3613 2
3614 1
3615 2
3616 1
3617 2
3618 2
3619 1
3620 2
3621 2
3622 2
3623 1
3624 2
3625 2
3626 2
3627 2
3628 2
3629 2
3630 1
3631 1
3632 1
3633 2
3634 1
3635 2
3636 2
3637 1
3638 2
3639 1
3640 1
3641 2
3642 2
3643 1
3644 1
3645 1
3646 1
3647 2
3648 1
3649 2
3650 2
3651 1
3652 1
3653 1
3654 2
3655 1
3656 2
3657 2
3658 1
3659 2
3660 2
3661 2
3662 2
3663 1
3664 2
3665 1
3666 1
3667 1
3668 2
3669 2
3670 2
3671 2
3672 1
3673 1
3674 1
3675 1
3676 2
3677 2
3678 1
3679 1
3680 2
3681 1
3682 1
3683 1
3684 1
3685 2
3686 2
3687 2
3688 2
3689 1
3690 2
3691 2
3692 2
3693 2
3694 1
3695 1
3696 2
3697 1
3698 1
3699 1
3700 1
3701 2
3702 2
3703 2
3704 1
3705 2
3706 2
3707 1
3708 2
3709 1
3710 2
3711 1
3712 2
3713 2
3714 1
3715 2
3716 1
3717 1
3718 2
3719 2
3720 2
3721 1
3722 1
3723 2
3724 2
3725 1
3726 2
3727 2
3728 2
3729 2
3730 1
3731 2
3732 1
3733 2
3734 1
3735 2
3736 1
3737 2
3738 1
3739 2
3740 1
3741 1
3742 1
3743 2
3744 2
3745 1
3746 2
3747 1
3748 2
3749 1
3750 2
3751 1
3752 1
3753 1
3754 1
3755 1
3756 2
3757 2
3758 2
3759 2
3760 2
3761 2
3762 2
3763 2
3764 2
3765 1
3766 2
3767 1
3768 1
3769 2
3770 1
3771 1
3772 2
3773 1
3774 1
3775 2
3776 2
3777 2
3778 2
3779 1
3780 1
3781 2
3782 1
3783 2
3784 2
3785 2
3786 2
3787 2
3788 2
3789 2
3790 2
3791 1
3792 2
3793 1
3794 1
3795 1
3796 1
3797 1
3798 1
3799 2
3800 1
3801 1
3802 2
3803 1
3804 2
3805 2
3806 2
3807 2
3808 1
3809 1
3810 2
3811 2
3812 2
3813 1
3814 2
3815 1
3816 2
3817 1
3818 1
3819 2
3820 2
3821 2
3822 1
3823 2
3824 2
3825 1
3826 1
3827 1
3828 2
3829 2
3830 2
3831 2
3832 1
3833 1
3834 2
3835 2
3836 1
3837 1
3838 2
3839 1
3840 2
3841 1
3842 1
3843 1
3844 1
3845 2
3846 2
3847 2
3848 1
3849 2
3850 1
3851 2
3852 1
3853 1
3854 1
3855 1
3856 1
3857 1
3858 1
3859 2
3860 2
3861 2
3862 2
3863 2
3864 2
3865 2
3866 2
3867 2
3868 1
3869 1
3870 2
3871 1
3872 1
3873 2
3874 1
3875 2
3876 2
3877 1
3878 1
3879 1
3880 1
3881 2
3882 2
3883 1
3884 2
3885 1
3886 1
3887 1
3888 1
3889 2
3890 2
3891 2
3892 1
3893 2
3894 2
3895 2
3896 2
3897 2
3898 2
3899 2
3900 2
3901 2
3902 2
3903 2
3904 2
3905 1
3906 2
3907 1
3908 2
3909 1
3910 2
3911 2
3912 2
3913 2
3914 1
3915 1
3916 1
3917 1
3918 2
3919 1
3920 2
3921 2
3922 2
3923 2
3924 2
3925 2
3926 1
3927 2
3928 2
3929 1
3930 1
3931 2
3932 1
3933 2
3934 2
3935 1
3936 2
3937 1
3938 2
3939 2
3940 2
3941 1
3942 1
3943 1
3944 1
3945 2
3946 2
3947 1
3948 1
3949 1
3950 2
3951 2
3952 2
3953 1
3954 1
3955 1
3956 1
3957 2
3958 1
3959 2
3960 1
3961 2
3962 1
3963 2
3964 1
3965 1
3966 2
3967 2
3968 2
3969 1
3970 2
3971 2
3972 2
3973 2
3974 1
3975 1
3976 1
3977 1
3978 1
3979 2
3980 2
3981 1
3982 1
3983 2
3984 1
3985 2
3986 2
3987 2
3988 2
3989 2
3990 2
3991 2
3992 1
3993 1
3994 2
3995 1
3996 1
3997 2
3998 1
3999 1
4000 2
4001 2
4002 1
4003 1
4004 2
4005 2
4006 1
4007 1
4008 1
4009 2
4010 1
4011 2
4012 2
4013 2
4014 2
4015 1
4016 2
4017 1
4018 1
4019 1
4020 1
4021 2
4022 1
4023 2
4024 2
4025 1
4026 1
4027 2
4028 2
4029 2
4030 2
4031 1
4032 1
4033 1
4034 2
4035 2
4036 2
4037 1
4038 1
4039 2
4040 1
4041 2
4042 1
4043 2
4044 1
4045 2
4046 2
4047 1
4048 2
4049 1
4050 2
4051 2
4052 1
4053 2
4054 1
4055 2
4056 2
4057 1
4058 2
4059 1
4060 1
4061 1
4062 1
4063 2
4064 1
4065 1
4066 1
4067 1
4068 2
4069 1
4070 2
4071 2
4072 1
4073 2
4074 2
4075 1
4076 2
4077 1
4078 1
4079 1
4080 2
4081 1
4082 2
4083 1
4084 2
4085 2
4086 2
4087 1
4088 1
4089 1
4090 2
4091 2
4092 1
4093 1
4094 1
4095 1
4096 1
4097 1
4098 2
4099 2
4100 1
4101 2
4102 1
4103 2
4104 2
4105 2
4106 2
4107 2
4108 2
4109 1
4110 1
4111 1
4112 1
4113 2
4114 2
4115 1
4116 2
4117 2
4118 2
4119 1
4120 1
4121 2
4122 2
4123 2
4124 1
4125 2
4126 2
4127 1
4128 1
4129 1
4130 1
4131 1
4132 2
4133 1
4134 1
4135 2
4136 1
4137 1
4138 2
4139 2
4140 2
4141 2
4142 2
4143 2
4144 2
4145 1
4146 2
4147 2
4148 2
4149 1
4150 2
4151 1
4152 2
4153 2
4154 2
4155 1
4156 2
4157 2
4158 2
4159 2
4160 1
4161 2
4162 2
4163 2
4164 1
4165 1
4166 2
4167 2
4168 1
4169 1
4170 2
4171 1
4172 2
4173 2
4174 2
4175 1
4176 2
4177 2
4178 1
4179 2
4180 2
4181 1
4182 1
4183 2
4184 2
4185 2
4186 2
4187 1
4188 2
4189 2
4190 2
4191 2
4192 2
4193 2
4194 2
4195 2
4196 2
4197 1
4198 2
4199 1
4200 2
4201 2
4202 1
4203 2
4204 1
4205 2
4206 2
4207 1
4208 2
4209 2
4210 2
4211 2
4212 2
4213 2
4214 2
4215 1
4216 2
4217 1
4218 1
4219 1
4220 2
4221 1
4222 1
4223 1
4224 2
4225 2
4226 2
4227 2
4228 1
4229 1
4230 1
4231 2
4232 2
4233 2
4234 2
4235 2
4236 1
4237 2
4238 2
4239 2
4240 1
4241 2
4242 2
4243 2
4244 2
4245 2
4246 2
4247 2
4248 2
4249 2
4250 2
4251 1
4252 1
4253 2
4254 2
4255 1
4256 2
4257 2
4258 2
4259 1
4260 2
4261 2
4262 2
4263 1
4264 2
4265 1
4266 2
4267 1
4268 1
4269 2
4270 2
4271 1
4272 2
4273 1
4274 1
4275 1
4276 2
4277 2
4278 2
4279 2
4280 1
4281 1
4282 1
4283 2
4284 2
4285 1
4286 2
4287 2
4288 1
4289 2
4290 1
4291 2
4292 2
4293 1
4294 1
4295 1
4296 2
4297 2
4298 1
4299 1
4300 2
4301 2
4302 2
4303 1
4304 2
4305 1
4306 2
4307 2
4308 2
4309 2
4310 2
4311 2
4312 2
4313 2
4314 1
4315 2
4316 2
4317 2
4318 2
4319 1
4320 2
4321 1
4322 2
4323 2
4324 2
4325 2
4326 2
4327 2
4328 2
4329 2
4330 2
4331 2
4332 1
4333 1
4334 2
4335 2
4336 1
4337 1
4338 1
4339 2
4340 1
4341 2
4342 1
4343 1
4344 1
4345 2
4346 2
4347 2
4348 2
4349 2
4350 2
4351 2
4352 1
4353 1
4354 1
4355 1
4356 1
4357 1
4358 1
4359 2
4360 2
4361 2
4362 2
4363 1
4364 2
4365 1
4366 1
4367 2
4368 1
4369 2
4370 1
4371 1
4372 2
4373 1
4374 2
4375 1
4376 1
4377 2
4378 1
4379 2
4380 2
4381 1
4382 2
4383 1
4384 1
4385 2
4386 2
4387 1
4388 2
4389 2
4390 2
4391 1
4392 2
4393 2
4394 2
4395 2
4396 1
4397 2
4398 2
4399 2
4400 2
4401 2
4402 2
4403 1
4404 2
4405 1
4406 2
4407 2
4408 2
4409 2
4410 2
4411 1
4412 2
4413 2
4414 1
4415 1
4416 2
4417 2
4418 1
4419 2
4420 2
4421 2
4422 2
4423 2
4424 1
4425 1
4426 2
4427 1
4428 1
4429 1
4430 2
4431 2
4432 2
4433 2
4434 2
4435 2
4436 2
4437 1
4438 2
4439 2
4440 1
4441 2
4442 2
4443 2
4444 2
4445 2
4446 2
4447 1
4448 1
4449 1
4450 2
4451 2
4452 2
4453 2
4454 2
4455 1
4456 1
4457 2
4458 2
4459 1
4460 1
4461 1
4462 2
4463 1
4464 1
4465 2
4466 2
4467 2
4468 2
4469 2
4470 2
4471 1
4472 2
4473 2
4474 1
4475 2
4476 2
4477 2
4478 2
4479 2
4480 1
4481 1
4482 2
4483 2
4484 1
4485 1
4486 2
4487 1
4488 2
4489 2
4490 2
4491 2
4492 1
4493 2
4494 2
4495 1
4496 1
4497 1
4498 2
4499 2
4500 2
4501 2
4502 1
4503 1
4504 1
4505 2
4506 2
4507 1
4508 1
4509 2
4510 2
4511 2
4512 1
4513 1
4514 2
4515 2
4516 2
4517 1
4518 2
4519 2
4520 2
4521 1
4522 1
4523 1
4524 1
4525 1
4526 2
4527 1
4528 1
4529 1
4530 2
4531 1
4532 2
4533 2
4534 2
4535 1
4536 1
4537 1
4538 2
4539 2
4540 1
4541 1
4542 2
4543 1
4544 2
4545 1
4546 2
4547 1
4548 2
4549 1
4550 1
4551 1
4552 1
4553 2
4554 2
4555 2
4556 2
4557 1
4558 1
4559 2
4560 2
4561 1
4562 1
4563 2
4564 1
4565 1
4566 2
4567 1
4568 2
4569 1
4570 1
4571 1
4572 2
4573 1
4574 2
4575 2
4576 2
4577 1
4578 1
4579 2
4580 1
4581 2
4582 2
4583 1
4584 2
4585 2
4586 1
4587 1
4588 1
4589 2
4590 1
4591 1
4592 1
4593 2
4594 1
4595 2
4596 1
4597 2
4598 2
4599 1
4600 2
4601 2
4602 1
4603 1
4604 1
4605 1
4606 2
4607 1
4608 2
4609 2
4610 2
4611 2
4612 1
4613 1
4614 2
4615 2
4616 2
4617 2
4618 2
4619 1
4620 1
4621 2
4622 2
4623 2
4624 1
4625 1
4626 2
4627 1
4628 1
4629 1
4630 2
4631 2
4632 2
4633 1
4634 1
4635 2
4636 2
4637 2
4638 2
4639 2
4640 2
4641 2
4642 2
4643 1
4644 1
4645 1
4646 1
4647 2
4648 2
4649 2
4650 1
4651 2
4652 2
4653 2
4654 2
4655 2
4656 2
4657 2
4658 1
4659 2
4660 2
4661 1
4662 2
4663 2
4664 2
4665 2
4666 1
4667 1
4668 2
4669 2
4670 2
4671 1
4672 2
4673 1
4674 2
4675 1
4676 1
4677 2
4678 2
4679 2
4680 1
4681 2
4682 2
4683 2
4684 2
4685 2
4686 1
4687 2
4688 1
4689 2
4690 1
4691 1
4692 2
4693 2
4694 1
4695 1
4696 1
4697 1
4698 1
4699 1
4700 1
4701 2
4702 1
4703 1
4704 1
4705 2
4706 2
4707 2
4708 2
4709 1
4710 2
4711 2
4712 1
4713 1
4714 2
4715 1
4716 1
4717 1
4718 2
4719 2
4720 1
4721 2
4722 1
4723 2
4724 1
4725 1
4726 2
4727 1
4728 2
4729 1
4730 1
4731 2
4732 2
4733 2
4734 2
4735 2
4736 2
4737 2
4738 2
4739 1
4740 1
4741 1
4742 2
4743 2
4744 2
4745 2
4746 2
4747 2
4748 1
4749 1
4750 1
4751 2
4752 2
4753 1
4754 1
4755 1
4756 1
4757 1
4758 2
4759 2
4760 2
4761 2
4762 1
4763 2
4764 2
4765 2
4766 2
4767 2
4768 1
4769 2
4770 1
4771 2
4772 2
4773 1
4774 2
4775 2
4776 2
4777 2
4778 2
4779 2
4780 1
4781 2
4782 1
4783 1
4784 2
4785 2
4786 1
4787 2
4788 1
4789 1
4790 2
4791 2
4792 2
4793 2
4794 2
4795 1
4796 2
4797 2
4798 1
4799 2
4800 2
4801 1
4802 2
4803 2
4804 1
4805 1
4806 2
4807 2
4808 2
4809 1
4810 2
4811 1
4812 2
4813 1
4814 2
4815 2
4816 2
4817 1
4818 2
4819 2
4820 2
4821 2
4822 2
4823 1
4824 2
4825 2
4826 1
4827 2
4828 2
4829 1
4830 2
4831 1
4832 1
4833 2
4834 2
4835 1
4836 2
4837 2
4838 1
4839 2
4840 1
4841 1
4842 2
4843 2
4844 1
4845 2
4846 2
4847 2
4848 1
4849 1
4850 2
4851 2
4852 2
4853 2
4854 2
4855 2
4856 2
4857 2
4858 1
4859 2
4860 2
4861 2
4862 2
4863 1
4864 2
4865 2
4866 2
4867 1
4868 2
4869 1
4870 2
4871 1
4872 1
4873 1
4874 2
4875 1
4876 1
4877 1
4878 2
4879 2
4880 1
4881 2
4882 1
4883 2
4884 2
4885 2
4886 1
4887 2
4888 2
4889 2
4890 2
4891 1
4892 2
4893 2
4894 2
4895 2
4896 2
4897 1
4898 2
4899 2
4900 1
4901 2
4902 2
4903 1
4904 2
4905 1
4906 2
4907 2
4908 2
4909 2
4910 1
4911 2
4912 1
4913 2
4914 2
4915 1
4916 2
4917 1
4918 2
4919 1
4920 2
4921 2
4922 2
4923 1
4924 2
4925 2
4926 1
4927 2
4928 2
4929 1
4930 1
4931 1
4932 2
4933 2
4934 1
4935 1
4936 2
4937 2
4938 2
4939 1
4940 2
4941 2
4942 2
4943 1
4944 1
4945 2
4946 1
4947 2
4948 1
4949 2
4950 2
4951 2
4952 2
4953 2
4954 2
4955 2
4956 1
4957 2
4958 2
4959 1
4960 1
4961 1
4962 2
4963 2
4964 1
4965 1
4966 1
4967 1
4968 2
4969 2
4970 2
4971 1
4972 2
4973 2
4974 1
4975 1
4976 2
4977 2
4978 2
4979 2
4980 2
4981 1
4982 1
4983 1
4984 2
4985 2
4986 2
4987 1
4988 1
4989 2
4990 1
4991 1
4992 1
4993 1
4994 2
4995 1
4996 1
4997 2
4998 2
4999 2
5000 1
5001 1
5002 2
5003 1
5004 1
5005 2
5006 1
5007 2
5008 2
5009 2
5010 1
5011 1
5012 2
5013 1
5014 2
5015 2
5016 2
5017 2
5018 1
5019 2
5020 2
5021 2
5022 1
5023 2
5024 1
5025 2
5026 2
5027 2
5028 2
5029 2
5030 2
5031 2
5032 1
5033 1
5034 2
5035 2
5036 2
5037 1
5038 1
5039 1
5040 2
5041 2
5042 1
5043 1
5044 2
5045 2
5046 1
5047 2
5048 2
5049 2
5050 2
5051 2
5052 1
5053 2
5054 1
5055 1
5056 1
5057 1
5058 2
5059 1
5060 2
5061 2
5062 2
5063 2
5064 2
5065 2
5066 2
5067 1
5068 2
5069 2
5070 1
5071 1
5072 1
5073 2
5074 2
5075 1
5076 2
5077 1
5078 2
5079 2
5080 1
5081 2
5082 2
5083 1
5084 2
5085 2
5086 1
5087 2
5088 1
5089 2
5090 1
5091 1
5092 1
5093 1
5094 1
5095 1
5096 2
5097 2
5098 1
5099 2
5100 2
5101 2
5102 2
5103 2
5104 2
5105 2
5106 2
5107 1
5108 1
5109 1
5110 2
5111 2
5112 1
5113 2
5114 2
5115 1
5116 2
5117 2
5118 2
5119 2
5120 1
5121 2
5122 1
5123 2
5124 2
5125 2
5126 2
5127 1
5128 1
5129 2
5130 2
5131 2
5132 1
5133 2
5134 2
5135 2
5136 2
5137 2
5138 2
5139 1
5140 2
5141 1
5142 2
5143 2
5144 2
5145 2
5146 1
5147 2
5148 2
5149 1
5150 2
5151 2
5152 1
5153 2
5154 2
5155 2
5156 1
5157 2
5158 1
5159 2
5160 1
5161 2
5162 1
5163 2
5164 2
5165 2
5166 2
5167 2
5168 2
5169 1
5170 2
5171 2
5172 2
5173 1
5174 1
5175 1
5176 2
5177 1
5178 2
5179 2
5180 1
5181 2
5182 2
5183 2
5184 2
5185 2
5186 1
5187 2
5188 2
5189 2
5190 2
5191 2
5192 2
5193 2
5194 2
5195 1
5196 2
5197 2
5198 2
5199 1
5200 2
5201 2
5202 2
5203 2
5204 2
5205 1
5206 1
5207 2
5208 2
5209 2
5210 1
5211 1
5212 2
5213 2
5214 2
5215 2
5216 1
5217 1
5218 2
5219 1
5220 2
5221 2
5222 1
5223 1
5224 1
5225 2
5226 2
5227 2
5228 1
5229 2
5230 1
5231 2
5232 2
5233 2
5234 1
5235 1
5236 1
5237 2
5238 2
5239 1
5240 2
5241 1
5242 1
5243 1
5244 2
5245 2
5246 2
5247 2
5248 1
5249 2
5250 1
5251 1
5252 2
5253 1
5254 2
5255 1
5256 2
5257 2
5258 2
5259 2
5260 1
5261 2
5262 2
5263 2
5264 2
5265 2
5266 2
5267 2
5268 2
5269 2
5270 2
5271 2
5272 2
5273 2
5274 2
5275 1
5276 2
5277 1
5278 2
5279 1
5280 2
5281 1
5282 2
5283 2
5284 2
5285 1
5286 1
5287 1
5288 2
5289 2
5290 2
5291 2
5292 2
5293 2
5294 2
5295 2
5296 2
5297 1
5298 2
5299 2
5300 1
5301 2
5302 2
5303 2
5304 1
5305 2
5306 1
5307 2
5308 2
5309 2
5310 2
5311 2
5312 1
5313 1
5314 2
5315 1
5316 2
5317 2
5318 2
5319 2
5320 2
5321 1
5322 1
5323 1
5324 1
5325 1
5326 2
5327 1
5328 2
5329 2
5330 2
5331 2
5332 2
5333 2
5334 2
5335 2
5336 2
5337 2
5338 2
5339 1
5340 1
5341 2
5342 2
5343 2
5344 1
5345 1
5346 2
5347 2
5348 2
5349 1
5350 2
5351 2
5352 1
5353 2
5354 2
5355 1
5356 2
5357 2
5358 2
5359 2
5360 2
5361 2
5362 1
5363 1
5364 2
5365 1
5366 2
5367 1
5368 2
5369 2
5370 1
5371 1
5372 2
5373 1
5374 1
5375 1
5376 2
5377 2
5378 2
5379 2
5380 2
5381 2
5382 1
5383 2
5384 1
5385 2
5386 1
5387 1
5388 1
5389 2
5390 1
5391 2
5392 2
5393 2
5394 1
5395 2
5396 2
5397 2
5398 1
5399 2
5400 1
5401 2
5402 1
5403 2
5404 2
5405 2
5406 2
5407 2
5408 1
5409 1
5410 2
5411 2
5412 1
5413 2
5414 2
5415 2
5416 1
5417 2
5418 1
5419 1
5420 2
5421 1
5422 2
5423 1
5424 2
5425 2
5426 1
5427 2
5428 1
5429 2
5430 1
5431 1
5432 2
5433 1
5434 2
5435 1
5436 2
5437 2
5438 2
5439 1
5440 2
5441 2
5442 1
5443 2
5444 2
5445 2
5446 1
5447 1
5448 1
5449 1
5450 2
5451 2
5452 2
5453 2
5454 1
5455 1
5456 2
5457 2
5458 2
5459 2
5460 2
5461 1
5462 1
5463 2
5464 2
5465 1
5466 2
5467 2
5468 1
5469 1
5470 1
5471 1
5472 2
5473 2
5474 2
5475 2
5476 2
5477 2
5478 1
5479 2
5480 2
5481 1
5482 2
5483 2
5484 2
5485 2
5486 2
5487 2
5488 1
5489 2
5490 2
5491 2
5492 1
5493 2
5494 1
5495 2
5496 1
5497 2
5498 2
5499 2
5500 2
5501 2
5502 2
5503 2
5504 1
5505 1
5506 2
5507 1
5508 1
5509 2
5510 2
5511 1
5512 1
5513 1
5514 1
5515 2
5516 2
5517 2
5518 1
5519 2
5520 2
5521 2
5522 2
5523 1
5524 1
5525 2
5526 2
5527 1
5528 2
5529 2
5530 1
5531 2
5532 2
5533 2
5534 2
5535 1
5536 2
5537 2
5538 2
5539 2
5540 2
5541 1
5542 1
5543 1
5544 1
5545 2
5546 2
5547 1
5548 1
5549 2
5550 2
5551 2
5552 2
5553 2
5554 1
5555 2
5556 2
5557 1
5558 2
5559 2
5560 2
5561 2
5562 2
5563 2
5564 2
5565 2
5566 1
5567 1
5568 1
5569 2
5570 2
5571 2
5572 1
5573 1
5574 2
5575 2
5576 2
5577 2
5578 2
5579 2
5580 1
5581 2
5582 1
5583 1
5584 2
5585 2
5586 2
5587 2
5588 1
5589 2
5590 1
5591 1
5592 2
5593 1
5594 2
5595 2
5596 2
5597 2
5598 1
5599 2
5600 2
5601 2
5602 2
5603 2
5604 1
5605 1
5606 2
5607 2
5608 2
5609 1
5610 2
5611 1
5612 1
5613 2
5614 1
5615 1
5616 2
5617 2
5618 1
5619 2
5620 2
5621 2
5622 2
5623 2
5624 1
5625 2
5626 1
5627 1
5628 1
5629 2
5630 2
5631 2
5632 2
5633 1
5634 1
5635 1
5636 2
5637 2
5638 1
5639 2
5640 2
5641 1
5642 1
5643 1
5644 2
5645 1
5646 2
5647 1
5648 2
5649 1
5650 2
5651 1
5652 2
5653 2
5654 1
5655 1
5656 2
5657 1
5658 1
5659 1
5660 1
5661 2
5662 1
5663 2
5664 2
5665 2
5666 2
5667 2
5668 2
5669 2
5670 2
5671 2
5672 2
5673 1
5674 2
5675 2
5676 2
5677 2
5678 2
5679 2
5680 2
5681 2
5682 2
5683 2
5684 2
5685 2
5686 1
5687 2
5688 1
5689 2
5690 1
5691 2
5692 1
5693 2
5694 1
5695 2
5696 1
5697 2
5698 2
5699 1
5700 2
5701 1
5702 1
5703 2
5704 1
5705 2
5706 2
5707 2
5708 2
5709 1
5710 2
5711 1
5712 1
5713 2
5714 2
5715 2
5716 1
5717 2
5718 2
5719 2
5720 2
5721 1
5722 1
5723 2
5724 2
5725 2
5726 1
5727 2
5728 2
5729 2
5730 1
5731 2
5732 2
5733 2
5734 2
5735 2
5736 2
5737 2
5738 1
5739 2
5740 2
5741 2
5742 2
5743 1
5744 2
5745 2
5746 2
5747 2
5748 2
5749 2
5750 1
5751 2
5752 2
5753 2
5754 1
5755 1
5756 1
5757 2
5758 2
5759 2
5760 2
5761 2
5762 2
5763 2
5764 1
5765 2
5766 2
5767 1
5768 2
5769 1
5770 1
5771 2
5772 2
5773 2
5774 1
5775 1
5776 1
5777 2
5778 1
5779 1
5780 2
5781 2
5782 1
5783 1
5784 2
5785 2
5786 2
5787 2
5788 2
5789 2
5790 2
5791 2
5792 2
5793 2
5794 2
5795 2
5796 1
5797 2
5798 1
5799 2
5800 2
5801 2
5802 1
5803 2
5804 1
5805 2
5806 2
5807 1
5808 2
5809 1
5810 2
5811 1
5812 1
5813 2
5814 1
5815 2
5816 2
5817 1
5818 1
5819 1
5820 2
5821 2
5822 1
5823 2
5824 2
5825 2
5826 2
5827 1
5828 1
5829 1
5830 1
5831 1
5832 1
5833 1
5834 2
5835 1
5836 2
5837 2
5838 2
5839 2
5840 1
5841 2
5842 2
5843 2
5844 2
5845 1
5846 2
5847 1
5848 1
5849 2
5850 1
5851 1
5852 2
5853 2
5854 1
5855 2
5856 2
5857 2
5858 2
5859 2
5860 2
5861 2
5862 1
5863 2
5864 1
5865 2
5866 1
5867 2
5868 2
5869 2
5870 1
5871 2
5872 1
5873 2
5874 2
5875 1
5876 2
5877 2
5878 2
5879 2
5880 1
5881 2
5882 2
5883 2
5884 2
5885 2
5886 2
5887 1
5888 1
5889 2
5890 1
5891 1
5892 2
5893 1
5894 2
5895 2
5896 2
5897 2
5898 2
5899 1
5900 2
5901 2
5902 2
5903 2
5904 1
5905 2
5906 1
5907 1
5908 1
5909 1
5910 1
5911 2
5912 1
5913 1
5914 2
5915 2
5916 2
5917 1
5918 2
5919 2
5920 2
5921 2
5922 2
5923 1
5924 2
5925 2
5926 2
5927 2
5928 2
5929 1
5930 1
5931 2
5932 2
5933 2
5934 1
5935 2
5936 2
5937 2
5938 2
5939 1
5940 1
5941 2
5942 1
5943 1
5944 2
5945 2
5946 2
5947 1
5948 2
5949 2
5950 2
5951 2
5952 1
5953 2
5954 2
5955 2
5956 1
5957 2
5958 2
5959 1
5960 1
5961 2
5962 2
5963 2
5964 2
5965 1
5966 2
5967 2
5968 2
5969 2
5970 2
5971 2
5972 1
5973 2
5974 2
5975 2
5976 1
5977 1
5978 2
5979 1
5980 2
5981 2
5982 1
5983 2
5984 2
5985 1
5986 2
5987 1
5988 2
5989 2
5990 1
5991 2
5992 2
5993 2
5994 1
5995 2
5996 2
5997 1
5998 2
5999 2
6000 1
6001 2
6002 1
6003 2
6004 2
6005 1
6006 1
6007 2
6008 1
6009 1
6010 2
6011 2
6012 2
6013 2
6014 2
6015 1
6016 1
6017 2
6018 1
6019 2
6020 2
6021 2
6022 1
6023 1
6024 2
6025 2
6026 2
6027 2
6028 2
6029 2
6030 1
6031 1
6032 1
6033 2
6034 2
6035 1
6036 2
6037 2
6038 2
6039 2
6040 2
6041 1
6042 2
6043 2
6044 1
6045 1
6046 2
6047 2
6048 1
6049 2
6050 2
6051 2
6052 2
6053 1
6054 2
6055 2
6056 2
6057 2
6058 2
6059 2
6060 2
6061 2
6062 2
6063 2
6064 1
6065 2
6066 2
6067 2
6068 2
6069 1
6070 2
6071 2
6072 1
6073 1
6074 2
6075 2
6076 2
6077 1
6078 1
6079 2
6080 2
6081 2
6082 2
6083 1
6084 1
6085 1
6086 1
6087 2
6088 1
6089 1
6090 2
6091 2
6092 2
6093 2
6094 2
6095 1
6096 1
6097 1
6098 2
6099 2
6100 2
6101 2
6102 1
6103 2
6104 2
6105 2
6106 2
6107 2
6108 1
6109 1
6110 2
6111 1
6112 2
6113 1
6114 2
6115 2
6116 2
6117 2
6118 2
6119 1
6120 2
6121 2
6122 2
6123 2
6124 1
6125 2
6126 1
6127 2
6128 2
6129 2
6130 1
6131 2
6132 1
6133 1
6134 2
6135 1
6136 2
6137 1
6138 2
6139 2
6140 2
6141 1
6142 2
6143 1
6144 2
6145 2
6146 2
6147 1
6148 2
6149 1
6150 2
6151 1
6152 1
6153 2
6154 2
6155 2
6156 2
6157 1
6158 2
6159 2
6160 2
6161 1
6162 1
6163 2
6164 2
6165 2
6166 2
6167 1
6168 2
6169 2
6170 2
6171 2
6172 2
6173 2
6174 2
6175 2
6176 2
6177 2
6178 2
6179 2
6180 2
6181 2
6182 2
6183 2
6184 2
6185 1
6186 1
6187 2
6188 2
6189 2
6190 2
6191 2
6192 2
6193 2
6194 1
6195 1
6196 1
6197 2
6198 1
6199 1
6200 2
6201 1
6202 1
6203 1
6204 2
6205 2
6206 2
6207 2
6208 2
6209 1
6210 1
6211 2
6212 2
6213 2
6214 1
6215 2
6216 2
6217 2
6218 2
6219 2
6220 2
6221 2
6222 1
6223 2
6224 2
6225 2
6226 2
6227 1
6228 2
6229 1
6230 2
6231 2
6232 1
6233 2
6234 1
6235 1
6236 1
6237 1
6238 1
6239 2
6240 2
6241 2
6242 1
6243 2
6244 2
6245 2
6246 2
6247 2
6248 2
6249 2
6250 2
6251 2
6252 2
6253 2
6254 2
6255 1
6256 1
6257 1
6258 2
6259 2
6260 1
6261 2
6262 2
6263 2
6264 2
6265 2
6266 1
6267 2
6268 1
6269 2
6270 2
6271 2
6272 1
6273 1
6274 2
6275 1
6276 2
6277 1
6278 2
6279 2
6280 2
6281 2
6282 2
6283 1
6284 2
6285 1
6286 2
6287 1
6288 2
6289 1
6290 2
6291 2
6292 2
6293 2
6294 1
6295 2
6296 2
6297 2
6298 1
6299 1
6300 2
6301 2
6302 2
6303 2
6304 2
6305 2
6306 2
6307 1
6308 2
6309 2
6310 2
6311 1
6312 1
6313 1
6314 1
6315 2
6316 2
6317 2
6318 2
6319 1
6320 1
6321 1
6322 1
6323 2
6324 1
6325 1
6326 2
6327 2
6328 1
6329 2
6330 2
6331 2
6332 1
6333 2
6334 2
6335 2
6336 2
6337 1
6338 2
6339 2
6340 2
6341 1
6342 2
6343 2
6344 2
6345 2
6346 2
6347 2
6348 2
6349 2
6350 2
6351 2
6352 2
6353 1
6354 1
6355 2
6356 1
6357 1
6358 2
6359 1
6360 1
6361 1
6362 2
6363 2
6364 1
6365 2
6366 1
6367 1
6368 2
6369 2
6370 2
6371 1
6372 1
6373 2
6374 2
6375 2
6376 2
6377 2
6378 2
6379 1
6380 1
6381 1
6382 1
6383 2
6384 2
6385 2
6386 1
6387 2
6388 2
6389 2
6390 1
6391 2
6392 1
6393 2
6394 2
6395 2
6396 2
6397 1
6398 2
6399 2
6400 1
6401 2
6402 2
6403 1
6404 2
6405 2
6406 2
6407 1
6408 2
6409 2
6410 2
6411 1
6412 1
6413 2
6414 2
6415 2
6416 2
6417 2
6418 2
6419 1
6420 2
6421 2
6422 2
6423 2
6424 1
6425 2
6426 2
6427 2
6428 1
6429 2
6430 1
6431 1
6432 1
6433 1
6434 1
6435 2
6436 1
6437 2
6438 2
6439 2
6440 1
6441 2
6442 1
6443 2
6444 2
6445 1
6446 2
6447 2
6448 2
6449 2
6450 2
6451 2
6452 1
6453 1
6454 2
6455 2
6456 2
6457 2
6458 1
6459 1
6460 1
6461 2
6462 2
6463 2
6464 2
6465 2
6466 1
6467 2
6468 2
6469 2
6470 1
6471 2
6472 2
6473 2
6474 2
6475 2
6476 2
6477 1
6478 2
6479 2
6480 1
6481 2
6482 1
6483 2
6484 2
6485 2
6486 2
6487 2
6488 2
6489 2
6490 2
6491 1
6492 2
6493 1
6494 2
6495 2
6496 2
6497 2
6498 1
6499 2
6500 1
6501 2
6502 2
6503 2
6504 2
6505 2
6506 2
6507 2
6508 2
6509 1
6510 1
6511 2
6512 1
6513 1
6514 2
6515 2
6516 2
6517 2
6518 2
6519 2
6520 1
6521 2
6522 1
6523 2
6524 2
6525 1
6526 2
6527 2
6528 2
6529 2
6530 2
6531 2
6532 2
6533 2
6534 2
6535 1
6536 1
6537 1
6538 1
6539 2
6540 1
6541 2
6542 2
6543 2
6544 1
6545 2
6546 1
6547 2
6548 1
6549 2
6550 2
6551 2
6552 2
6553 2
6554 2
6555 2
6556 2
6557 1
6558 1
6559 2
6560 1
6561 2
6562 1
6563 1
6564 2
6565 2
6566 2
6567 2
6568 1
6569 1
6570 2
6571 1
6572 2
6573 1
6574 1
6575 1
6576 2
6577 2
6578 2
6579 1
6580 1
6581 2
6582 2
6583 1
6584 1
6585 2
6586 2
6587 2
6588 1
6589 1
6590 2
6591 1
6592 2
6593 1
6594 2
6595 1
6596 1
6597 1
6598 2
6599 2
6600 1
6601 1
6602 2
6603 2
6604 2
6605 2
6606 1
6607 1
6608 2
6609 2
6610 1
6611 2
6612 1
6613 2
6614 1
6615 1
6616 2
6617 2
6618 1
6619 2
6620 1
6621 2
6622 1
6623 1
6624 2
6625 1
6626 1
6627 2
6628 2
6629 1
6630 2
6631 2
6632 2
6633 2
6634 2
6635 2
6636 1
6637 1
6638 1
6639 2
6640 2
6641 1
6642 2
6643 2
6644 2
6645 1
6646 2
6647 2
6648 1
6649 2
6650 2
6651 2
6652 1
6653 2
6654 2
6655 2
6656 1
6657 2
6658 2
6659 2
6660 2
6661 2
6662 2
6663 2
6664 1
6665 2
6666 2
6667 2
6668 2
6669 2
6670 2
6671 2
6672 2
6673 2
6674 2
6675 1
6676 1
6677 2
6678 1
6679 2
6680 2
6681 2
6682 1
6683 1
6684 2
6685 2
6686 1
6687 2
6688 2
6689 2
6690 2
6691 2
6692 2
6693 2
6694 2
6695 2
6696 2
6697 2
6698 1
6699 2
6700 2
6701 2
6702 2
6703 1
6704 2
6705 2
6706 2
6707 2
6708 1
6709 2
6710 1
6711 2
6712 1
6713 2
6714 2
6715 2
6716 1
6717 1
6718 2
6719 2
6720 2
6721 2
6722 2
6723 2
6724 2
6725 1
6726 2
6727 2
6728 1
6729 2
6730 2
6731 2
6732 1
6733 2
6734 1
6735 2
6736 2
6737 2
6738 2
6739 1
6740 2
6741 2
6742 1
6743 2
6744 2
6745 1
6746 2
6747 2
6748 2
6749 2
6750 2
6751 2
6752 2
6753 2
6754 2
6755 2
6756 1
6757 2
6758 2
6759 1
6760 2
6761 2
6762 2
6763 2
6764 2
6765 1
6766 2
6767 2
6768 1
6769 1
6770 2
6771 2
6772 2
6773 2
6774 1
6775 2
6776 2
6777 1
6778 2
6779 2
6780 1
6781 2
6782 1
6783 2
6784 1
6785 2
6786 1
6787 1
6788 1
6789 2
6790 2
6791 2
6792 2
6793 1
6794 2
6795 1
6796 2
6797 1
6798 2
6799 2
6800 1
6801 2
6802 1
6803 1
6804 1
6805 1
6806 2
6807 2
6808 2
6809 2
6810 2
6811 2
6812 1
6813 2
6814 2
6815 2
6816 1
6817 2
6818 2
6819 2
6820 2
6821 2
6822 1
6823 2
6824 2
6825 2
6826 2
6827 2
6828 1
6829 2
6830 2
6831 1
6832 1
6833 2
6834 2
6835 2
6836 1
6837 2
6838 1
6839 2
6840 2
6841 2
6842 2
6843 1
6844 2
6845 1
6846 2
6847 2
6848 2
6849 2
6850 2
6851 2
6852 2
6853 1
6854 1
6855 1
6856 2
6857 2
6858 1
6859 2
6860 2
6861 1
6862 1
6863 2
6864 2
6865 1
6866 1
6867 2
6868 2
6869 1
6870 2
6871 1
6872 1
6873 2
6874 1
6875 2
6876 2
6877 1
6878 2
6879 2
6880 2
6881 2
6882 2
6883 1
6884 2
6885 1
6886 2
6887 2
6888 1
6889 1
6890 1
6891 1
6892 2
6893 1
6894 2
6895 2
6896 2
6897 2
6898 2
6899 2
6900 1
6901 1
6902 2
6903 2
6904 2
6905 2
6906 2
6907 2
6908 2
6909 2
6910 2
6911 1
6912 2
6913 1
6914 1
6915 1
6916 2
6917 2
6918 2
6919 1
6920 2
6921 2
6922 2
6923 2
6924 1
6925 2
6926 2
6927 2
6928 2
6929 2
6930 2
6931 2
6932 2
6933 2
6934 1
6935 2
6936 1
6937 2
6938 2
6939 2
6940 2
6941 2
6942 2
6943 1
6944 2
6945 2
6946 2
6947 2
6948 2
6949 2
6950 1
6951 2
6952 2
6953 1
6954 2
6955 1
6956 1
6957 1
6958 2
6959 2
6960 1
6961 1
6962 2
6963 2
6964 2
6965 2
6966 2
6967 2
6968 2
6969 1
6970 1
6971 1
6972 2
6973 2
6974 2
6975 2
6976 1
6977 2
6978 2
6979 1
6980 2
6981 2
6982 2
6983 2
6984 2
6985 2
6986 2
6987 2
6988 2
6989 2
6990 1
6991 2
6992 2
6993 2
6994 2
6995 1
6996 2
6997 2
6998 2
6999 2
7000 2
